"Observation"	"Value"
1	0
2	1.99822320948822
3	1.99822318563092
4	1.99822318563092
5	1.99822296913655
6	1.99822275014844
7	1.99822253625924
8	1.99822251502273
9	1.99822230578268
10	1.99822203228681
11	1.9982218002752
12	1.99822633414796
13	1.99824131205091
14	1.99825922616321
15	1.99828513066137
16	1.99831509928869
17	1.99834780738527
18	1.99837135108201
19	1.9983920775882
20	1.99841016316504
21	1.99842549420464
22	1.99843319687399
23	1.99844265671182
24	1.99845275497174
25	1.99845931341188
26	1.99846464505559
27	1.99847050590114
28	1.99847432802103
29	1.99847893925749
30	1.99848161080967
31	1.99848696055536
32	1.99849421681046
33	1.99850029643196
34	1.99850510765688
35	1.99851437404618
36	1.9985207756669
37	1.99852779450369
38	1.99853470632275
39	1.99854686228255
40	1.99855446280344
41	1.99856430381305
42	1.9985703980298
43	1.99858186799855
44	1.99859070404544
45	1.99860262864293
46	1.9986149346784
47	1.99862729037546
48	1.99863467012527
49	1.99864527400414
50	1.99865433760966
51	1.99866514243101
52	1.99867889303163
53	1.99869387217112
54	1.99870316615533
55	1.99871593032214
56	1.99872829053854
57	1.99873777775546
58	1.99874657540557
59	1.99876694467569
60	1.99878660613044
61	1.99880420142245
62	1.99882446486983
63	1.9988465255819
64	1.99886733088511
65	1.9988848899562
66	1.99890902964755
67	1.99893100498743
68	1.99896289960039
69	1.99898442446263
70	1.99902121409341
71	1.99904854286893
72	1.99908738451551
73	1.99911474546524
74	1.99915420028874
75	1.99917948356803
76	1.99920731361426
77	1.99923011170948
78	1.9992596068613
79	1.99928491143393
80	1.99930702153984
81	1.99932873365823
82	1.99934450397815
83	1.99937575714876
84	1.99940014927286
85	1.99942895908805
86	1.99942895908805
87	1.999460234294
88	1.99950742368544
89	1.99952929618147
90	1.99955880685582
91	1.99958489586025
92	1.99964480591755
93	1.99964031406879
94	1.99963339179599
95	1.99962669186706
96	1.99962036415529
97	1.99961523768298
98	1.99961111673052
99	1.9996047211215
100	1.99959882734064
101	1.99959423240871
102	1.99958937123691
103	1.99958403149724
104	1.999578626993
105	1.99957513809712
106	1.99956997111264
107	1.99956499914751
108	1.9995605495313
109	1.99955696863025
110	1.99955256922077
111	1.99954780179501
112	1.99954531995096
113	1.99954314938593
114	1.99953937489334
115	1.99953727161191
116	1.99953461671895
117	1.99953226725382
118	1.99952935551918
119	1.99952691180591
120	1.99952293272692
121	1.99951644487885
122	1.99951791181234
123	1.99951852115405
124	1.99951357256526
125	1.99950748088512
126	1.99950170923962
127	1.99949727136817
128	1.99949096958866
129	1.99948662585381
130	1.99948060170696
131	1.99947461593809
132	1.99946978083069
133	1.99946510519534
134	1.99945854582367
135	1.99945418357539
136	1.99944847818329
137	1.99944543127929
138	1.99944173317465
139	1.99944258977042
140	1.99943664586186
141	1.9994330352817
142	1.99943038251283
143	1.99942648567643
144	1.99942520864166
145	1.99942645392263
146	1.99942059312825
147	1.99941342374714
148	1.9994081173384
149	1.99940741221246
150	1.99939820346598
151	1.9993942898635
152	1.99939225192232
153	1.99938605501401
154	1.99938061763414
155	1.99937568296536
156	1.99936994341907
157	1.99936338145665
158	1.99936338145665
159	1.99935773888035
160	1.99935241009642
161	1.99934962109534
162	1.99934557325351
163	1.99934307259842
164	1.99933842848809
165	1.99933555923013
166	1.99933278634705
167	1.99932966095863
168	1.99932892274651
169	1.99932174785438
170	1.99932215290817
171	1.99931636522124
172	1.99930807229791
173	1.99929816700041
174	1.99928753135333
175	1.99927882364624
176	1.9992697784081
177	1.99932215290817
178	1.99931636522124
179	1.99930807229791
180	1.99929816700041
181	1.99928753135333
182	1.99927882364624
183	1.9992697784081
184	1.99926332709745
185	1.99926332709745
186	1.99925592838431
187	1.99924885058419
188	1.99924979033825
189	1.99924979033825
190	1.99924979033825
191	1.99925305320197
192	1.99922839779532
193	1.99922446204669
194	1.99921199954224
195	1.99917885704312
196	1.99916760692942
197	1.99914774808787
198	1.99910941304581
199	1.99910941304581
200	1.99909895248546
201	1.99906512742461
202	1.99902282619128
203	1.99900797863816
204	1.99898041411423
205	1.99894839354183
206	1.99893710378909
207	1.9989377350802
208	1.9989133219269
209	1.99887190309779
210	1.99886274127895
211	1.99883877670304
212	1.99882226487581
213	1.99881997931497
214	1.99881003092202
215	1.99881003092202
216	1.99880069726609
217	1.99876660044672
218	1.99874622057138
219	1.99873602042883
220	1.99873602042883
221	1.99871776587787
222	1.99868369623296
223	1.99864169320671
224	1.99860608677818
225	1.99858728366483
226	1.99857909186204
227	1.99854678508202
228	1.99851650134148
229	1.99851460449436
230	1.9985175032597
231	1.99849271163494
232	1.99846174851968
233	1.99846079968193
234	1.99837098465091
235	1.99835219146803
236	1.998321381078
237	1.9983236102152
238	1.99830002788167
239	1.99830191801096
240	1.99826642744746
241	1.99823053912997
242	1.99819788035227
243	1.99816933727932
244	1.99813693724572
245	1.9981065625981
246	1.99808087753987
247	1.99805632965105
248	1.99803959515241
249	1.99801349037165
250	1.99798770320665
251	1.99795522170765
252	1.99792580629785
253	1.99789572585318
254	1.99787008803968
255	1.99784762062398
256	1.99782593224851
257	1.99779499864409
258	1.99776520305783
259	1.99776418180975
260	1.99774528965555
261	1.99773042717295
262	1.99770468197456
263	1.99768337568415
264	1.99766036785988
265	1.9976409189688
266	1.99761932510732
267	1.99759726318722
268	1.99757609323553
269	1.99755869942304
270	1.99754098937735
271	1.99752383610341
272	1.99752383610341
273	1.99752289082451
274	1.99752635946256
275	1.9975278791755
276	1.99741654785643
277	1.99740260069048
278	1.99736951181147
279	1.9973698685254
280	1.99736125189717
281	1.99735170263733
282	1.99733338347021
283	1.99732152268026
284	1.99730495006166
285	1.99729753434741
286	1.99729401390265
287	1.9972871639738
288	1.9972871639738
289	1.99727950757823
290	1.99729092309968
291	1.99728656093383
292	1.99729161504355
293	1.99730280283276
294	1.9973060616266
295	1.99731067984636
296	1.99732190935445
297	1.99732325862697
298	1.99733160749282
299	1.99734746319006
300	1.99735219247255
301	1.99735271335866
302	1.99736653514609
303	1.9973895458495
304	1.99739580431948
305	1.99739571653334
306	1.99740257803265
307	1.99740257803265
308	1.99739756246593
309	1.99740289614316
310	1.9974036677428
311	1.99742189874365
312	1.99743113235303
313	1.99743574509157
314	1.99744588757388
315	1.99746670593786
316	1.99749517840723
317	1.99751596286982
318	1.99752641652436
319	1.99752963644719
320	1.99752963644719
321	1.99754878155488
322	1.99756857940644
323	1.99757161940306
324	1.99756977654763
325	1.99758542668883
326	1.99760426867607
327	1.99760336132777
328	1.99767234643573
329	1.99768901960843
330	1.99771356469365
331	1.9977103264357
332	1.99773168494395
333	1.99773168494395
334	1.99775902365576
335	1.99778966913519
336	1.99781713432782
337	1.99781713432782
338	1.99784085231804
339	1.99786711488426
340	1.99789263238503
341	1.99791763331959
342	1.99793717076359
343	1.99795346108817
344	1.99798219021874
345	1.99800708331322
346	1.99803595202276
347	1.9980657136256
348	1.99809543142828
349	1.99809543142828
350	1.99812251949628
351	1.99814908356321
352	1.99817488720956
353	1.99821288707803
354	1.99824565572184
355	1.9982502859686
356	1.99827593252089
357	1.99829130952504
358	1.99831958756822
359	1.99834884541814
360	1.99834884541814
361	1.9983746457156
362	1.9983746457156
363	1.99840312744574
364	1.99843087460699
365	1.99846304544549
366	1.99849025709927
367	1.99851015301717
368	1.99853304394743
369	1.99853304394743
370	1.99855396225421
371	1.99855262797737
372	1.99855262797737
373	1.9985491669614
374	1.99872935054326
375	1.99875020748944
376	1.99880414152946
377	1.99881007490175
378	1.99882351586253
379	1.99882351586253
380	1.9988468366169
381	1.9988810593529
382	1.99889534954543
383	1.99891885586457
384	1.99893351379714
385	1.99896096760902
386	1.99898084236288
387	1.99897221880886
388	1.99897844481588
389	1.99897844481588
390	1.99899946929668
391	1.99900806669049
392	1.99902155673535
393	1.99901451996591
394	1.99903929996968
395	1.9990599223896
396	1.99906319798384
397	1.99906319798384
398	1.99906343764766
399	1.9990488233966
400	1.99904436888018
401	1.99903184081502
402	1.99903184081502
403	1.99901565714643
404	1.99901565714643
405	1.99900098115683
406	1.99901277393254
407	1.99900098840058
408	1.99900022670249
409	1.99899080184626
410	1.99898400213243
411	1.99898878717227
412	1.99898878717227
413	1.99897718068854
414	1.99896363665251
415	1.99896722749214
416	1.99896990182095
417	1.99895170242829
418	1.9989346862995
419	1.9989346862995
420	1.9989390394649
421	1.99893472051558
422	1.99894389039035
423	1.99893184279436
424	1.99890979388358
425	1.99891316680925
426	1.99889778734983
427	1.99888379155778
428	1.99888379155778
429	1.99887236411558
430	1.99887236411558
431	1.99885625491768
432	1.99884191317431
433	1.998802395842
434	1.9987471171126
435	1.99869448534179
436	1.99869448534179
437	1.99870003690968
438	1.99868364586659
439	1.99868839775031
440	1.99867429942716
441	1.99866052198048
442	1.99864513478666
443	1.99864513478666
444	1.99864513478666
445	1.99863557613391
446	1.99863918318957
447	1.99863918318957
448	1.99861798810721
449	1.99860565039589
450	1.99861158281574
451	1.99861158281574
452	1.99859353013402
453	1.99857235110199
454	1.99855063859965
455	1.99855237430147
456	1.99852725274589
457	1.99852725274589
458	1.99850764190063
459	1.99848116483536
460	1.99848116483536
461	1.99848116483536
462	1.99848721685218
463	1.99847466263267
464	1.99845308455635
465	1.99845308455635
466	1.9984592715068
467	1.9984592715068
468	1.99844405519523
469	1.99841805138479
470	1.99842244745259
471	1.99842244745259
472	1.99839889545035
473	1.99840558654155
474	1.99839219205779
475	1.99839846991986
476	1.99837061454322
477	1.9983479620605
478	1.9983205098943
479	1.9983205098943
480	1.99832695834717
481	1.99833434101514
482	1.99830620608483
483	1.99831248406444
484	1.9982789070791
485	1.9982789070791
486	1.99823549175183
487	1.99824144054133
488	1.99824144054133
489	1.99821533059672
490	1.99821533059672
491	1.9981898453197
492	1.99818774675761
493	1.99818774675761
494	1.99813676333197
495	1.99808558545372
496	1.99808558545372
497	1.99809307675486
498	1.99803712460045
499	1.99803712460045
500	1.99803712460045
501	1.99798843057041
502	1.99796175857456
503	1.99792340989616
504	1.99788260853901
505	1.99783482077697
506	1.9978048871474
507	1.99776815640398
508	1.99774261839709
509	1.99775230286198
510	1.99773108450579
511	1.99773927225521
512	1.99773927225521
513	1.99771558936559
514	1.9977250128009
515	1.9977250128009
516	1.99770521317079
517	1.99769232670681
518	1.9976654639559
519	1.99763730950972
520	1.99764705886978
521	1.99764705886978
522	1.99763058932077
523	1.99763058932077
524	1.99760930669213
525	1.99760930669213
526	1.99761917251199
527	1.99760055860623
528	1.99757770882886
529	1.99757257439714
530	1.99758554053648
531	1.99757397915178
532	1.99757397915178
533	1.99757397915178
534	1.997565219666
535	1.99755576051365
536	1.99758191669634
537	1.99758594881501
538	1.99759113593865
539	1.99759113593865
540	1.9976016249885
541	1.99757563221278
542	1.99758773617751
543	1.99758065257712
544	1.99759473019569
545	1.99756697615489
546	1.99754711660404
547	1.99754711660404
548	1.99751596130799
549	1.99749870050395
550	1.99751540247911
551	1.99752780026326
552	1.99750761777671
553	1.99750292696865
554	1.99749622148931
555	1.99748542901645
556	1.99748542901645
557	1.99747176673702
558	1.99748913954978
559	1.9974767518746
560	1.99744633597228
561	1.99742270792301
562	1.99742270792301
563	1.9974352982054
564	1.99745037027314
565	1.99741994229475
566	1.99741994229475
567	1.99740555806192
568	1.99740084740569
569	1.99738332577418
570	1.99737950971367
571	1.99736014701968
572	1.99737301700691
573	1.99737301700691
574	1.99736984399885
575	1.99736292431957
576	1.99738298517515
577	1.99735570658744
578	1.99735570658744
579	1.99734940363318
580	1.99732505162764
581	1.99732303550448
582	1.99729793328245
583	1.99729793328245
584	1.99733468908223
585	1.9973187095166
586	1.99733848368835
587	1.99731553286221
588	1.99730715116287
589	1.99729907761828
590	1.99729907761828
591	1.99731787957967
592	1.99735858208208
593	1.99735858208208
594	1.99734380639791
595	1.99736815733073
596	1.99734283929735
597	1.99736181921407
598	1.99737672801794
599	1.9973962018245
600	1.99740729748309
601	1.99742868793237
602	1.99745566278567
603	1.99747311953339
604	1.99750411644479
605	1.99750411644479
606	1.99753323486887
607	1.99750636881917
608	1.99750605015041
609	1.99748265649062
610	1.99745965685882
611	1.99748779514899
612	1.99748779514899
613	1.99749725501157
614	1.99751070203106
615	1.99752176813881
616	1.99752176813881
617	1.99752552894082
618	1.99752552894082
619	1.9975267439621
620	1.99750248747808
621	1.99748584323688
622	1.99749607693729
623	1.99749263053032
624	1.99749080397697
625	1.99749080397697
626	1.99749085896278
627	1.99749085896278
628	1.99748584181454
629	1.9975052627192
630	1.9975052627192
631	1.99751177828599
632	1.99751856286446
633	1.99749868553101
634	1.99748105699347
635	1.99748725986579
636	1.99748725986579
637	1.99749304669104
638	1.99749304669104
639	1.99750117585483
640	1.99753055389637
641	1.99754077219469
642	1.99755822123832
643	1.99753631993796
644	1.99753631993796
645	1.99753726699804
646	1.99754656050834
647	1.99756060957435
648	1.99757930818876
649	1.99756275159652
650	1.99757486155013
651	1.99755709487051
652	1.9975714722451
653	1.99759314584098
654	1.99761783108613
655	1.99760300153512
656	1.99760300153512
657	1.99763490241761
658	1.99762309312485
659	1.9976521708291
660	1.99766181487458
661	1.9976687209702
662	1.9976949609249
663	1.99770091645951
664	1.99768494772462
665	1.99766721982355
666	0
667	0
668	0
669	0
670	0
671	0
672	0
673	0
674	0
675	0
676	0
677	0
678	0
679	0
680	0
681	0
682	0
683	0
684	0
685	0
686	0
687	0
688	0
689	0
690	0
691	0
692	0
693	0
694	0
695	0
696	0
697	0
698	0
699	0
700	0
701	0
702	0
703	0
704	0
705	0
706	0
707	0
708	0
709	0
710	0
711	0
712	0
713	0
714	0
715	0
716	0
717	0
718	0
719	0
720	0
721	0
722	0
723	0
724	0
725	0
726	0
727	0
728	0
729	0
730	0
731	0
732	0
733	0
734	0
735	0
736	0
737	0
738	0
739	0
740	0
741	0
742	0
743	0
744	0
745	0
746	0
747	0
748	0
749	0
750	0
751	0
752	0
753	0
754	0
755	0
756	0
757	0
758	0
759	0
760	0
761	0
762	0
763	0
764	0
765	0
766	0
767	0
768	0
769	0
770	0
771	0
772	0
773	0
774	0
775	0
776	0
777	0
778	0
779	0
780	0
781	0
782	0
783	0
784	0
785	0
786	0
787	0
788	0
789	0
790	0
791	0
792	0
793	0
794	0
795	0
796	0
797	0
798	0
799	0
800	0
801	0
802	0
803	0
804	0
805	0
806	0
807	0
808	0
809	0
810	0
811	0
812	0
813	0
814	0
815	0
816	0
817	0
818	0
819	0
820	0
821	0
822	0
823	0
824	0
825	0
826	0
827	0
828	0
829	0
830	0
831	0
832	0
833	0
834	0
835	0
836	0
837	0
838	0
839	0
840	0
841	0
842	0
843	0
844	0
845	0
846	0
847	0
848	0
849	0
850	0
851	0
852	0
853	0
854	0
855	0
856	0
857	0
858	0
859	0
860	0
861	0
862	0
863	0
864	0
865	0
866	0
867	0
868	0
869	0
870	0
871	0
872	0
873	0
874	0
875	0
876	0
877	0
878	0
879	0
880	0
881	0
882	0
883	0
884	0
885	0
886	0
887	0
888	0
889	0
890	0
891	0
892	0
893	0
894	0
895	0
896	0
897	0
898	0
899	0
900	0
901	0
902	0
903	0
904	0
905	0
906	0
907	0
908	0
909	0
910	0
911	0
912	0
913	0
914	0
915	0
916	0
917	0
918	0
919	0
920	0
921	0
922	0
923	0
924	0
925	0
926	0
927	0
928	0
929	0
930	0
931	0
932	0
933	0
934	0
935	0
936	0
937	0
938	0
939	0
940	0
941	0
942	0
943	0
944	0
945	0
946	0
947	0
948	0
949	0
950	0
951	0
952	0
953	0
954	0
955	0
956	0
957	0
958	0
959	0
960	0
961	0
962	0
963	0
964	0
965	0
966	0
967	0
968	0
969	0
970	0
971	0
972	0
973	0
974	0
975	0
976	0
977	0
978	0
979	0
980	0
981	0
982	0
983	0
984	0
985	0
986	0
987	0
988	0
989	0
990	0
991	0
992	0
993	0
994	0
995	0
996	0
997	0
998	0
999	0
1000	0
