"Observation"	"Value"
1	12.5
2	11
3	10
4	10.5
5	13.5
6	16
7	14
8	10.5
9	11
10	8
11	7.5
12	10.5
13	12.5
14	16
15	15.5
16	14
17	13
18	14.5
19	14
20	11
21	15.5
22	16
23	10.5
24	11
25	13
26	17
27	19.5
28	21.5
29	15
30	11
31	15.5
32	11
33	12.5
34	14
35	18.5
36	21
37	21.5
38	14.5
39	16.5
40	16
41	19.5
42	20
43	13
44	15
45	11.5
46	14.5
47	18
48	16.5
49	14.5
50	18.5
51	17
52	10.5
53	13
54	16
55	15
56	16
57	18
58	11.5
59	12.5
60	14
61	17
62	16
63	16
64	17
65	21.5
66	13
67	13
68	13.5
69	16
70	17.5
71	18.5
72	21.5
73	27
74	18
75	22
76	16
77	14.5
78	17.5
79	20
80	19.5
81	20
82	18
83	24
84	25
85	29
86	19
87	22
88	14.5
89	16.5
90	22.5
91	28.5
92	19.5
93	22
94	16
95	13
96	12.5
97	15
98	18.5
99	19.5
100	18.5
101	17
102	16.5
103	19.5
104	15.5
105	21
106	17
107	18
108	20.5
109	19.5
110	16.5
111	17.5
112	23
113	33.5
114	19.5
115	23
116	20
117	13
118	15
119	21
120	15
121	20
122	17
123	16.5
124	17.5
125	19
126	19.5
127	15.5
128	18.5
129	22
130	22.5
131	20.5
132	20
133	23.5
134	19
135	16.5
136	21
137	21.5
138	23
139	21
140	19.5
141	28.5
142	39
143	15.5
144	19.5
145	22.5
146	19
147	21
148	22
149	34
150	36.5
151	22
152	25.5
153	21.5
154	20
155	22
156	20
157	14.5
158	20
159	24
160	18
161	23
162	22
163	18
164	23.5
165	25
166	23
167	20
168	19
169	24
170	19
171	18
172	27.5
173	26
174	21.5
175	21.5
176	17.5
177	23
178	23.5
179	24.5
180	20.5
181	20
182	21
183	23.5
184	18.5
185	15.5
186	14.5
187	16.5
188	24
189	20
190	21
191	21.5
192	18.5
193	18.5
194	26.5
195	35
196	16.5
197	16.5
198	20
199	14.5
200	22.5
201	22.5
202	18.5
203	16.5
204	23
205	34.5
206	24
207	19.5
208	19.5
209	15.5
210	16.5
211	20.5
212	19.5
213	20.5
214	20.5
215	21.5
216	19
217	19.5
218	16
219	13.5
220	15.5
221	13.5
222	14.5
223	17.5
224	18
225	19.5
226	22.5
227	25
228	22.5
229	19.5
230	13
231	18
232	20
233	20
234	17.5
235	19.5
236	13.5
237	16.5
238	22
239	17
240	18
241	21
242	21
243	16.5
244	14
245	17.5
246	17
247	14.5
248	19
249	18.5
250	12.5
251	12
252	11.5
253	14
254	14
255	14.5
256	15
257	17.5
258	15
259	16.5
260	17
261	11.5
262	15
263	18
264	17.5
265	16
266	16.5
267	11.5
268	14.5
269	15
270	16.5
271	15.5
272	16.5
273	14.5
274	14.5
275	16
276	13
277	12.5
278	13
279	14.5
280	15.5
281	13.5
282	15.5
283	15
284	15.5
285	15.5
286	14
287	14
288	14
289	15.5
290	16
291	15
292	15.5
293	18
294	15.5
295	14
296	15.5
297	15.5
298	16
299	13.5
300	12.5
301	12.5
302	11.5
303	12.5
304	12.5
305	11.5
306	15
307	10.5
308	13
309	14.5
310	16.5
311	9.5
312	14.5
313	13
314	12.5
315	17
316	10.5
317	12
318	13
319	13.5
320	12.5
321	14
322	13
323	13
324	14.5
325	14.5
326	12
327	14.5
328	12
329	13
330	13
331	13.5
332	13.5
333	13.5
334	14.5
335	12
336	11
337	9.5
338	10.5
339	14
340	12
341	9
342	6.5
343	9
344	7
345	9.5
346	12
347	12
348	12
349	14
350	12
351	11
352	10.5
353	13
354	14
355	17
356	13.5
357	11
358	11
359	9.5
360	11
361	15
362	16
363	11
364	9
365	10
366	8
367	7
368	12
369	11.5
370	15
371	15
372	11
373	12.5
374	11.5
375	10
376	14
377	14.5
378	15
379	13.5
380	15
381	11
382	11
383	12
384	15
385	14.5
386	16.5
387	16.5
388	17.5
389	18.5
390	15.5
391	18
392	11.5
393	10
394	11
395	12.5
396	14.5
397	15.5
398	15.5
399	15
400	15
401	13
402	12
403	11
404	12
405	14
406	16.5
407	19
408	11.5
409	15
410	15.5
411	18.5
412	15.5
413	23
414	16
415	16
416	16.5
417	19.5
418	19.5
419	17.5
420	12.5
421	16.5
422	14.5
423	19
424	19
425	17.5
426	26
427	25.5
428	11
429	15.5
430	16
431	20
432	27.5
433	19
434	17
435	18
436	16.5
437	12.5
438	13
439	15
440	17
441	18
442	26
443	14
444	15
445	16.5
446	19
447	15.5
448	18.5
449	14.5
450	18.5
451	14
452	13.5
453	16.5
454	15.5
455	15.5
456	14.5
457	17
458	21.5
459	18
460	21
461	14.5
462	15
463	16
464	18
465	21
466	18
467	23
468	31.5
469	24
470	17
471	19.5
472	15
473	17
474	16
475	23
476	27
477	14.5
478	19
479	18
480	19
481	23.5
482	24
483	17
484	17.5
485	21.5
486	18
487	18
488	15.5
489	19
490	16.5
491	18.5
492	18.5
493	15
494	18.5
495	22
496	22.5
497	21
498	24.5
499	22
500	23
501	14.5
502	15
503	16
504	17
505	17
506	20
507	17
508	17.5
509	16
510	16
511	16
512	14
513	17.5
514	18
515	20
516	18
517	22
518	18.5
519	23
520	15.5
521	17.5
522	18.5
523	20.5
524	27.5
525	24
526	27
527	20
528	19
529	20
530	18.5
531	23
532	16
533	20.5
534	18
535	21
536	17.5
537	20.5
538	19.5
539	16.5
540	23
541	23.5
542	20
543	17.5
544	18.5
545	18
546	17.5
547	25
548	14.5
549	14
550	17.5
551	23.5
552	30
553	23.5
554	20.5
555	22
556	20
557	24.5
558	17
559	16.5
560	18.5
561	19.5
562	19.5
563	23
564	24
565	26
566	16.5
567	23.5
568	26.5
569	23.5
570	24
571	22
572	22
573	23
574	31.5
575	23.5
576	17
577	21.5
578	18.5
579	18
580	18.5
581	21.5
582	19.5
583	20.5
584	15
585	13
586	17.5
587	21
588	17.5
589	23.5
590	29
591	17.5
592	21.5
593	20
594	20
595	24.5
596	16.5
597	18
598	22
599	28.5
600	22.5
601	13
602	12
603	16
604	18
605	17
606	16.5
607	18.5
608	21
609	23
610	22
611	16
612	19
613	17
614	21
615	21
616	13
617	15.5
618	15.5
619	16.5
620	17
621	12
622	16
623	18
624	14.5
625	15.5
626	16.5
627	20.5
628	16
629	19
630	17.5
631	16.5
632	19.5
633	19
634	14.5
635	12
636	12
637	14.5
638	13
639	11.5
640	12.5
641	11.5
642	13
643	12.5
644	13
645	11.5
646	11.5
647	12.5
648	14
649	12.5
650	15.5
651	11
652	12
653	15
654	13
655	15
656	15
657	16
658	15
659	14.5
660	14
661	13.5
662	11.5
663	9.5
664	9
665	10.5
666	9
667	10.5
668	8.5
669	9
670	10
671	9
672	8.5
673	8.5
674	9
675	7.5
676	11
677	12
678	12
679	12
680	11.5
681	12
682	11.5
683	11.5
684	12
685	11
686	12.5
687	14.5
688	14.5
689	11
690	12
691	12.5
692	10
693	9
694	9.5
695	11
696	10
697	8.5
698	12.5
699	11
700	12
701	15
702	13.5
703	14.5
704	12.5
705	9.5
706	8
707	9
708	13.5
709	14.5
710	13
711	8
712	11.5
713	15
714	14
715	12.5
716	9
717	11
718	14.5
719	10
720	11
721	11
722	10
723	13.5
724	12.5
725	12.5
726	13
727	10.5
728	12.5
729	14.5
730	12
731	10
732	10.5
733	15.5
734	13.5
735	12.5
736	10
737	12.5
738	14
739	15.5
740	8
741	10.5
742	11.5
743	11
744	11
745	12
746	10.5
747	11
748	10.5
749	12
750	12.5
751	10.5
752	11
753	13
754	13.5
755	11
756	9.5
757	12.5
758	14
759	13.5
760	7.5
761	10
762	13.5
763	13
764	12.5
765	13.5
766	10
767	14
768	16
769	14
770	12
771	11.5
772	14
773	9
774	10
775	15
776	13.5
777	13
778	15.5
779	14.5
780	12.5
781	16.5
782	18
783	15.5
784	15.5
785	13
786	14
787	14
788	14
789	14
790	15
791	16.5
792	19
793	22
794	12.5
795	12.5
796	16.5
797	13
798	10.5
799	12
800	15
801	20.5
802	22
803	12.5
804	14
805	16.5
806	23
807	24
808	24
809	16.5
810	10.5
811	15
812	16.5
813	16
814	17.5
815	17
816	20
817	21
818	22.5
819	17
820	13.5
821	13
822	14.5
823	17.5
824	18
825	15.5
826	20.5
827	18.5
828	21.5
829	20.5
830	19
831	20
832	19
833	19
834	16
835	14
836	17.5
837	16
838	14
839	15
840	17.5
841	19.5
842	12
843	13.5
844	15
845	15.5
846	16.5
847	17.5
848	19
849	21
850	25.5
851	17.5
852	21.5
853	15
854	17
855	19.5
856	19
857	21
858	25.5
859	23.5
860	17.5
861	17.5
862	21
863	19
864	18
865	22.5
866	21
867	16.5
868	21.5
869	21.5
870	25
871	22.5
872	25.5
873	24.5
874	18
875	21
876	19
877	18.5
878	24
879	25
880	20
881	19.5
882	20.5
883	25
884	26
885	32.5
886	31
887	22.5
888	22
889	29.5
890	29
891	21
892	23
893	27
894	17.5
895	17.5
896	22.5
897	23.5
898	25
899	24.5
900	19.5
901	24
902	19
903	26
904	28.5
905	22
906	19
907	25
908	36
909	20
910	15.5
911	22
912	28
913	20.5
914	19
915	24
916	21
917	23
918	24
919	20.5
920	29.5
921	23
922	22
923	14
924	17.5
925	18.5
926	20
927	23
928	22.5
929	20
930	19.5
931	14
932	15
933	18.5
934	15
935	20.5
936	15
937	17.5
938	17
939	19
940	19.5
941	20.5
942	20
943	23.5
944	25
945	18.5
946	17
947	20
948	19
949	17.5
950	18.5
951	23.5
952	23
953	17
954	19
955	17.5
956	23.5
957	19
958	15
959	15.5
960	20
961	19
962	16
963	15.5
964	19
965	24
966	18.5
967	20
968	14.5
969	17.5
970	19
971	23.5
972	21
973	21.5
974	17.5
975	21
976	18.5
977	21.5
978	20
979	24.5
980	18
981	15
982	22.5
983	27
984	17
985	15.5
986	18
987	18
988	16.5
989	16.5
990	21.5
991	19
992	19.5
993	14.5
994	13.5
995	18
996	17.5
997	20
998	14
999	15
1000	18
1001	13.5
1002	18
1003	14.5
1004	9.5
1005	11
1006	16.5
1007	16
1008	15.5
1009	15
1010	16
1011	17
1012	16.5
1013	15
1014	16.5
1015	14
1016	17.5
1017	17.5
1018	15.5
1019	17.5
1020	20
1021	10.5
1022	13
1023	11.5
1024	10.5
1025	14.5
1026	15.5
1027	15
1028	14.5
1029	15.5
1030	13.5
1031	14
1032	13
1033	6.5
1034	8.5
1035	13.5
1036	14.5
1037	14.5
1038	15
1039	16
1040	12.5
1041	14.5
1042	9.5
1043	11.5
1044	10.5
1045	11.5
1046	14
1047	12.5
1048	10
1049	10
1050	11
1051	12.5
1052	13
1053	15.5
1054	18
1055	12
1056	11
1057	9.5
1058	10.5
1059	13
1060	12
1061	15
1062	12
1063	13.5
1064	12.5
1065	14
1066	14.5
1067	14.5
1068	14.5
1069	12
1070	13.5
1071	10
1072	11
1073	14.5
1074	13.5
1075	14.5
1076	15
1077	13.5
1078	15.5
1079	16
1080	15
1081	15.5
1082	13.5
1083	12
1084	14.5
1085	10.5
1086	13
1087	13.5
1088	12.5
1089	14.5
1090	16
1091	15
1092	12
1093	17
1094	18
1095	16.5
1096	11.5
1097	14.5
1098	11
1099	13.5
1100	15.5
1101	16
1102	15
1103	14.5
1104	13.5
1105	16.5
1106	16.5
1107	20
1108	9.5
1109	12
1110	13.5
1111	17
1112	17.5
1113	17.5
1114	14.5
1115	14
1116	10
1117	11.5
1118	14
1119	16.5
1120	17
1121	18.5
1122	13.5
1123	16
1124	13.5
1125	11.5
1126	14
1127	14
1128	12
1129	10
1130	11.5
1131	15.5
1132	15
1133	14
1134	14.5
1135	14.5
1136	14
1137	17.5
1138	16
1139	17
1140	17.5
1141	24
1142	23.5
1143	23
1144	22.5
1145	15
1146	16.5
1147	18
1148	19
1149	19.5
1150	19
1151	23.5
1152	16.5
1153	9
1154	15.5
1155	16.5
1156	17.5
1157	19.5
1158	17
1159	16.5
1160	15.5
1161	18
1162	16
1163	12
1164	15
1165	16.5
1166	16
1167	21
1168	19.5
1169	15.5
1170	22
1171	21.5
1172	17
1173	14.5
1174	18.5
1175	18.5
1176	12.5
1177	19
1178	11.5
1179	17
1180	20
1181	14
1182	16.5
1183	11.5
1184	15.5
1185	19
1186	18
1187	21
1188	19
1189	19.5
1190	18
1191	16
1192	21.5
1193	14
1194	14
1195	20.5
1196	13
1197	16.5
1198	18
1199	19
1200	28
1201	21.5
1202	18.5
1203	20.5
1204	20
1205	27
1206	19
1207	22.5
1208	16
1209	19.5
1210	23
1211	17
1212	20.5
1213	25.5
1214	31
1215	27
1216	18
1217	17.5
1218	21
1219	20
1220	18
1221	19
1222	20.5
1223	22.5
1224	17
1225	22
1226	18
1227	16.5
1228	17.5
1229	21.5
1230	14.5
1231	14.5
1232	13
1233	16.5
1234	16.5
1235	19.5
1236	18
1237	20.5
1238	19
1239	18
1240	18.5
1241	18
1242	19.5
1243	15.5
1244	15.5
1245	20.5
1246	26.5
1247	24
1248	22
1249	17.5
1250	17.5
1251	26
1252	20
1253	20.5
1254	22
1255	22.5
1256	17
1257	22.5
1258	22
1259	23
1260	23.5
1261	37
1262	21.5
1263	22
1264	20
1265	16
1266	22
1267	19.5
1268	16.5
1269	21
1270	22.5
1271	21.5
1272	28.5
1273	22
1274	25
1275	29
1276	22
1277	18.5
1278	20.5
1279	25
1280	28
1281	27.5
1282	22.5
1283	17
1284	17
1285	15.5
1286	18.5
1287	24
1288	26.5
1289	21
1290	18
1291	22
1292	23
1293	18
1294	17.5
1295	20.5
1296	20.5
1297	19.5
1298	19
1299	18.5
1300	17
1301	18.5
1302	18.5
1303	22.5
1304	19
1305	14.5
1306	13
1307	15.5
1308	16.5
1309	20.5
1310	15.5
1311	15
1312	17
1313	17.5
1314	20.5
1315	23.5
1316	20.5
1317	19.5
1318	23
1319	25.5
1320	24.5
1321	23.5
1322	22.5
1323	24
1324	22
1325	27
1326	19.5
1327	16.5
1328	21
1329	24
1330	19.5
1331	16.5
1332	17
1333	21.5
1334	19.5
1335	19.5
1336	12.5
1337	18.5
1338	19.5
1339	19
1340	18.5
1341	19
1342	21
1343	17.5
1344	18.5
1345	14
1346	16
1347	16.5
1348	20.5
1349	14.5
1350	23.5
1351	27
1352	16.5
1353	20
1354	13.5
1355	15
1356	16.5
1357	12.5
1358	13
1359	15.5
1360	15
1361	18.5
1362	13
1363	11.5
1364	11
1365	9.5
1366	12
1367	13
1368	15.5
1369	13
1370	16
1371	16.5
1372	18
1373	11.5
1374	8.5
1375	16
1376	20
1377	12.5
1378	14.5
1379	19.5
1380	13.5
1381	13.5
1382	15
1383	16.5
1384	17
1385	18.5
1386	15.5
1387	12.5
1388	11
1389	13.5
1390	15.5
1391	15
1392	12.5
1393	11.5
1394	11
1395	11
1396	10
1397	9
1398	12.5
1399	14.5
1400	10
1401	13.5
1402	13
1403	12
1404	10.5
1405	10.5
1406	10
1407	10.5
1408	11.5
1409	13.5
1410	12.5
1411	11.5
1412	7.5
1413	8
1414	9
1415	11
1416	13.5
1417	12.5
1418	13.5
1419	16
1420	17
1421	17
1422	16
1423	13.5
1424	12.5
1425	17
1426	15.5
1427	12.5
1428	13
1429	13
1430	14.5
1431	14
1432	10.5
1433	11.5
1434	12.5
1435	13
1436	14
1437	8.5
1438	8
1439	10
1440	11.5
1441	11.5
1442	10.5
1443	11
1444	13
1445	16
1446	11.5
1447	9.5
1448	11.5
1449	8
1450	10.5
1451	11
1452	11
1453	13
1454	7
1455	8
1456	11
1457	11.5
1458	13
1459	15
1460	9.5
1461	11.5
1462	12.5
1463	12.5
1464	9.5
1465	11
1466	11.5
1467	12
1468	12.5
1469	16
1470	11.5
1471	15.5
1472	14
1473	17.5
1474	21
1475	15
1476	12.5
1477	16
1478	16.5
1479	12.5
1480	16
1481	18.5
1482	18
1483	16
1484	7.5
1485	10.5
1486	12
1487	15.5
1488	16
1489	19.5
1490	20.5
1491	14.5
1492	16
1493	16.5
1494	12.5
1495	16
1496	10.5
1497	7.5
1498	9.5
1499	10.5
1500	16
1501	14
1502	10.5
1503	12
1504	12.5
1505	10.5
1506	12
1507	12
1508	11.5
1509	12.5
1510	13
1511	17
1512	14.5
1513	11.5
1514	16.5
1515	11.5
1516	14
1517	16.5
1518	18.5
1519	11.5
1520	13.5
1521	15.5
1522	24
1523	19
1524	22.5
1525	18.5
1526	15
1527	14
1528	13
1529	15.5
1530	16.5
1531	18
1532	20
1533	26
1534	19
1535	18.5
1536	14
1537	17
1538	16.5
1539	21
1540	17
1541	17
1542	16
1543	17.5
1544	13.5
1545	12.5
1546	11
1547	11.5
1548	18
1549	20.5
1550	19
1551	18.5
1552	19
1553	17.5
1554	14.5
1555	23.5
1556	19
1557	15.5
1558	27.5
1559	14.5
1560	16.5
1561	17.5
1562	18.5
1563	22
1564	30
1565	21.5
1566	24
1567	18
1568	19
1569	14.5
1570	19
1571	21
1572	24
1573	29.5
1574	33.5
1575	37
1576	34
1577	16.5
1578	18
1579	19
1580	23
1581	34.5
1582	22
1583	21
1584	21
1585	23.5
1586	24
1587	23.5
1588	19
1589	20.5
1590	19.5
1591	17.5
1592	23
1593	18.5
1594	20.5
1595	25.5
1596	22.5
1597	30.5
1598	20
1599	22
1600	25.5
1601	19
1602	16
1603	24
1604	25.5
1605	21.5
1606	15
1607	14.5
1608	17.5
1609	23.5
1610	28.5
1611	32
1612	24
1613	24.5
1614	19
1615	18.5
1616	20
1617	20
1618	21.5
1619	24
1620	26
1621	16
1622	18
1623	24.5
1624	21.5
1625	16
1626	18.5
1627	16
1628	16.5
1629	20.5
1630	25
1631	18.5
1632	21
1633	23.5
1634	14.5
1635	20.5
1636	21
1637	16
1638	22.5
1639	18
1640	18.5
1641	21
1642	22.5
1643	26.5
1644	32.5
1645	29
1646	27.5
1647	24.5
1648	20.5
1649	21
1650	18
1651	19
1652	22
1653	21.5
1654	18.5
1655	26.5
1656	37
1657	18
1658	15
1659	18
1660	19.5
1661	17.5
1662	23
1663	26.5
1664	27.5
1665	23.5
1666	26.5
1667	20.5
1668	20
1669	22.5
1670	25
1671	14.5
1672	19
1673	19
1674	15
1675	19
1676	15
1677	16.5
1678	18.5
1679	21.5
1680	22
1681	17.5
1682	18
1683	15.5
1684	16.5
1685	20.5
1686	15.5
1687	19.5
1688	19
1689	17
1690	12.5
1691	18.5
1692	14
1693	15.5
1694	20
1695	12.5
1696	14
1697	12.5
1698	10
1699	12
1700	12
1701	13
1702	14.5
1703	14.5
1704	17
1705	22
1706	20
1707	20
1708	17.5
1709	13.5
1710	16.5
1711	15
1712	17.5
1713	19.5
1714	13
1715	16.5
1716	13
1717	14
1718	16.5
1719	18.5
1720	18.5
1721	16.5
1722	15.5
1723	11.5
1724	14.5
1725	13.5
1726	13.5
1727	12
1728	13
1729	14
1730	16.5
1731	15
1732	18.5
1733	20
1734	12.5
1735	13.5
1736	17.5
1737	14
1738	14
1739	15.5
1740	16.5
1741	15.5
1742	16
1743	16.5
1744	12.5
1745	15.5
1746	10.5
1747	10
1748	14
1749	14
1750	14.5
1751	13.5
1752	11.5
1753	11.5
1754	11
1755	10
1756	10
1757	11.5
1758	16
1759	18.5
1760	14.5
1761	16
1762	12.5
1763	10.5
1764	12
1765	11
1766	11.5
1767	7.5
1768	8
1769	12
1770	12
1771	9
1772	9
1773	8
1774	11
1775	11.5
1776	14.5
1777	13
1778	7.5
1779	9.5
1780	11
1781	11
1782	9
1783	12.5
1784	9.5
1785	13
1786	12.5
1787	8.5
1788	11.5
1789	12.5
1790	11.5
1791	10
1792	11
1793	9.5
1794	9.5
1795	10.5
1796	10.5
1797	11
1798	12
1799	11.5
1800	9
1801	9.5
1802	7
1803	11.5
1804	10.5
1805	10.5
1806	12
1807	10.5
1808	10
1809	9.5
1810	8.5
1811	11.5
1812	13.5
1813	11.5
1814	10.5
1815	10
1816	11.5
1817	10
1818	8.5
1819	8.5
1820	9
1821	12
1822	12
1823	13.5
1824	14
1825	13
1826	15.5
1827	16
1828	15.5
1829	13.5
1830	14
1831	16
1832	18.5
1833	14.5
1834	16
1835	13.5
1836	15.5
1837	18
1838	14.5
1839	10.5
1840	14.5
1841	16.5
1842	12
1843	14
1844	12.5
1845	14.5
1846	14
1847	9
1848	7
1849	9.5
1850	11
1851	12.5
1852	13.5
1853	15.5
1854	14
1855	15
1856	15.5
1857	16
1858	13.5
1859	16
1860	14.5
1861	16.5
1862	19
1863	18.5
1864	13.5
1865	18
1866	15.5
1867	10
1868	11
1869	13
1870	14.5
1871	10.5
1872	12.5
1873	17
1874	20
1875	19
1876	11.5
1877	12
1878	17
1879	17
1880	15.5
1881	13.5
1882	16.5
1883	22.5
1884	14.5
1885	14.5
1886	14
1887	13
1888	16.5
1889	20
1890	25.5
1891	15.5
1892	19
1893	11.5
1894	14.5
1895	13.5
1896	14
1897	16
1898	19
1899	13.5
1900	14.5
1901	14.5
1902	12.5
1903	11
1904	13
1905	17
1906	16
1907	14.5
1908	12
1909	11
1910	11.5
1911	11.5
1912	15.5
1913	20
1914	17
1915	15.5
1916	18
1917	18.5
1918	21.5
1919	18.5
1920	19
1921	23.5
1922	18.5
1923	12.5
1924	14
1925	16
1926	21
1927	19
1928	17
1929	13.5
1930	17
1931	22.5
1932	25.5
1933	21.5
1934	19.5
1935	20
1936	21.5
1937	21
1938	15
1939	14.5
1940	16
1941	17
1942	19.5
1943	27.5
1944	16.5
1945	14.5
1946	17
1947	22.5
1948	18.5
1949	19
1950	17.5
1951	17.5
1952	14.5
1953	13.5
1954	13.5
1955	12.5
1956	14.5
1957	13.5
1958	14
1959	16.5
1960	20.5
1961	17
1962	17.5
1963	20
1964	15.5
1965	22
1966	15
1967	14.5
1968	14.5
1969	16.5
1970	16.5
1971	18
1972	17
1973	17.5
1974	20
1975	19
1976	22
1977	18.5
1978	21
1979	29.5
1980	27.5
1981	21
1982	23
1983	21
1984	26
1985	28
1986	20
1987	18.5
1988	24
1989	18
1990	20.5
1991	20.5
1992	20
1993	20.5
1994	17
1995	20.5
1996	21
1997	19.5
1998	17.5
1999	17.5
2000	19
2001	14
2002	15
2003	19.5
2004	15.5
2005	16
2006	15
2007	17
2008	14
2009	17.5
2010	18
2011	18.5
2012	24
2013	21
2014	18.5
2015	15
2016	18.5
2017	23
2018	21.5
2019	23.5
2020	24
2021	24
2022	28.5
2023	14
2024	16
2025	17.5
2026	16
2027	16
2028	19
2029	20.5
2030	22.5
2031	27
2032	17.5
2033	20
2034	16.5
2035	18.5
2036	25
2037	26
2038	21.5
2039	17.5
2040	20.5
2041	18.5
2042	13.5
2043	17
2044	17.5
2045	15.5
2046	18
2047	18.5
2048	20
2049	17.5
2050	20.5
2051	17.5
2052	18.5
2053	23
2054	22.5
2055	19.5
2056	17.5
2057	14
2058	14.5
2059	16
2060	15.5
2061	13
2062	17
2063	18
2064	14.5
2065	12.5
2066	14
2067	14.5
2068	15
2069	17
2070	16
2071	16
2072	12
2073	12
2074	13
2075	13
2076	14.5
2077	15
2078	14.5
2079	16
2080	15.5
2081	16
2082	19.5
2083	13
2084	13
2085	16.5
2086	15
2087	15.5
2088	16.5
2089	17
2090	17
2091	16.5
2092	13.5
2093	13.5
2094	12
2095	17
2096	22
2097	13.5
2098	12
2099	14
2100	14.5
2101	15.5
2102	16.5
2103	14.5
2104	11.5
2105	14.5
2106	13
2107	15
2108	15
2109	14.5
2110	14.5
2111	14.5
2112	14.5
2113	14.5
2114	13.5
2115	15
2116	16.5
2117	15
2118	16
2119	15
2120	16
2121	11
2122	16.5
2123	10.5
2124	10.5
2125	12.5
2126	8.5
2127	10
2128	9.5
2129	9
2130	9
2131	11.5
2132	11
2133	10
2134	12
2135	13.5
2136	15.5
2137	14.5
2138	12
2139	11
2140	10.5
2141	13.5
2142	12
2143	13
2144	9.5
2145	10.5
2146	8
2147	8.5
2148	11.5
2149	13
2150	14
2151	13.5
2152	11
2153	12
2154	9.5
2155	7.5
2156	5.5
2157	8.5
2158	10
2159	10
2160	10
2161	9.5
2162	9.5
2163	10
2164	10.5
2165	14.5
2166	15
2167	13.5
2168	11.5
2169	13.5
2170	12
2171	8.5
2172	12
2173	15
2174	14
2175	11.5
2176	13
2177	15
2178	15.5
2179	13.5
2180	14
2181	13.5
2182	9.5
2183	12
2184	14.5
2185	10
2186	10.5
2187	14.5
2188	13.5
2189	16
2190	14.5
2191	16
2192	10
2193	13.5
2194	13.5
2195	11.5
2196	9
2197	11.5
2198	13
2199	10.5
2200	13
2201	15
2202	15
2203	16
2204	14.5
2205	13
2206	11
2207	14
2208	13
2209	13
2210	12
2211	12.5
2212	12
2213	12.5
2214	14
2215	12.5
2216	12.5
2217	12.5
2218	12.5
2219	11
2220	13.5
2221	14
2222	9
2223	14
2224	18
2225	18
2226	15
2227	18
2228	16.5
2229	12
2230	14
2231	16
2232	13
2233	16
2234	16
2235	13.5
2236	11
2237	11
2238	13
2239	17.5
2240	15
2241	16
2242	16.5
2243	19.5
2244	15
2245	15.5
2246	12
2247	18
2248	19
2249	18
2250	11.5
2251	14.5
2252	18
2253	18.5
2254	23
2255	20.5
2256	16.5
2257	17.5
2258	14
2259	14.5
2260	18
2261	14.5
2262	23.5
2263	27
2264	13.5
2265	14
2266	18
2267	16.5
2268	17
2269	14.5
2270	16.5
2271	19.5
2272	25
2273	18.5
2274	15.5
2275	16
2276	18
2277	16.5
2278	21.5
2279	17.5
2280	11.5
2281	16
2282	14
2283	21
2284	15.5
2285	14
2286	14
2287	12.5
2288	12.5
2289	17
2290	16
2291	12
2292	14
2293	17.5
2294	24
2295	28.5
2296	16
2297	19.5
2298	16
2299	19.5
2300	15
2301	14.5
2302	14.5
2303	16
2304	17
2305	17.5
2306	19.5
2307	18
2308	20.5
2309	18
2310	16.5
2311	16.5
2312	15
2313	17
2314	16.5
2315	24
2316	22
2317	18.5
2318	18.5
2319	14
2320	18
2321	24.5
2322	31
2323	20
2324	21.5
2325	26.5
2326	17
2327	19.5
2328	20.5
2329	19.5
2330	20.5
2331	20
2332	20.5
2333	19.5
2334	20
2335	27.5
2336	37
2337	27.5
2338	17
2339	20
2340	17
2341	17
2342	17.5
2343	17
2344	25.5
2345	29.5
2346	21
2347	17
2348	20
2349	20
2350	28.5
2351	31.5
2352	38
2353	18
2354	20
2355	17
2356	20.5
2357	24.5
2358	27
2359	15.5
2360	15
2361	17.5
2362	19.5
2363	18.5
2364	17
2365	18
2366	20.5
2367	27.5
2368	21.5
2369	27
2370	23
2371	17.5
2372	15.5
2373	19.5
2374	23
2375	23
2376	26.5
2377	27.5
2378	20.5
2379	24
2380	32.5
2381	19
2382	21.5
2383	20.5
2384	14.5
2385	19.5
2386	18.5
2387	18.5
2388	18
2389	19
2390	18.5
2391	16
2392	18
2393	18
2394	14.5
2395	16
2396	20
2397	25.5
2398	20.5
2399	19
2400	19
2401	24
2402	23.5
2403	17
2404	18.5
2405	20
2406	17.5
2407	19
2408	20
2409	21
2410	18.5
2411	15
2412	20
2413	19
2414	20.5
2415	17
2416	21.5
2417	25
2418	12.5
2419	18
2420	15
2421	13
2422	14
2423	18
2424	18
2425	21.5
2426	16.5
2427	16
2428	11.5
2429	15
2430	15.5
2431	15.5
2432	16.5
2433	17.5
2434	18
2435	17.5
2436	14.5
2437	16.5
2438	19
2439	11
2440	13
2441	20
2442	19
2443	15
2444	19.5
2445	13
2446	15.5
2447	19
2448	24
2449	21
2450	22.5
2451	20.5
2452	24.5
2453	15
2454	18
2455	20
2456	15
2457	17.5
2458	11.5
2459	13
2460	11
2461	12
2462	10.5
2463	14
2464	15
2465	15.5
2466	12.5
2467	12
2468	14
2469	13.5
2470	14
2471	11.5
2472	12.5
2473	13.5
2474	11.5
2475	12.5
2476	13.5
2477	16.5
2478	17.5
2479	18
2480	10
2481	10.5
2482	12
2483	12.5
2484	11.5
2485	13
2486	14.5
2487	17
2488	16.5
2489	12.5
2490	14
2491	12
2492	12.5
2493	17
2494	14.5
2495	16
2496	11
2497	11.5
2498	13
2499	12
2500	10.5
2501	10
2502	11
2503	11.5
2504	11
2505	14
2506	9
2507	10
2508	10.5
2509	10.5
2510	11.5
2511	10
2512	11
2513	11
2514	12
2515	9
2516	9.5
2517	11
2518	12
2519	13.5
2520	16
2521	6.5
2522	10.5
2523	11
2524	13.5
2525	13.5
2526	14
2527	13.5
2528	9
2529	10.5
2530	13
2531	14
2532	14.5
2533	14
2534	11.5
2535	11.5
2536	12.5
2537	12.5
2538	14.5
2539	16
2540	11.5
2541	10
2542	13
2543	10.5
2544	12
2545	9.5
2546	12.5
2547	10.5
2548	12.5
2549	15
2550	16
2551	8.5
2552	12.5
2553	15.5
2554	17
2555	12
2556	9.5
2557	14.5
2558	17.5
2559	16.5
2560	12
2561	12
2562	12.5
2563	12.5
2564	15
2565	10.5
2566	11.5
2567	8
2568	10.5
2569	13
2570	16.5
2571	16
2572	16.5
2573	18
2574	14.5
2575	12.5
2576	12.5
2577	11.5
2578	12
2579	11.5
2580	12.5
2581	13.5
2582	14.5
2583	16
2584	12
2585	15
2586	17
2587	14.5
2588	12
2589	13.5
2590	10.5
2591	13.5
2592	14.5
2593	14.5
2594	14
2595	12.5
2596	12
2597	13
2598	14
2599	14
2600	17
2601	16.5
2602	11.5
2603	15.5
2604	17
2605	21.5
2606	22.5
2607	11.5
2608	16
2609	14
2610	16.5
2611	16
2612	15
2613	20.5
2614	25.5
2615	16.5
2616	14.5
2617	15
2618	17.5
2619	16
2620	17.5
2621	14.5
2622	14
2623	14.5
2624	15
2625	17
2626	18.5
2627	17.5
2628	19
2629	19.5
2630	28.5
2631	19
2632	20
2633	19
2634	18.5
2635	12
2636	16.5
2637	14.5
2638	18
2639	16.5
2640	21
2641	20.5
2642	19
2643	17
2644	17
2645	23.5
2646	13.5
2647	17.5
2648	19.5
2649	13.5
2650	16.5
2651	15.5
2652	17.5
2653	18.5
2654	21
2655	18
2656	28
2657	30.5
2658	23
2659	23.5
2660	30
2661	28.5
2662	15
2663	19
2664	16.5
2665	15
2666	19
2667	17.5
2668	19
2669	18
2670	16
2671	20
2672	17.5
2673	20.5
2674	17
2675	20
2676	22.5
2677	17.5
2678	23.5
2679	18.5
2680	18
2681	20
2682	19.5
2683	17.5
2684	17.5
2685	25.5
2686	28.5
2687	17.5
2688	20.5
2689	19.5
2690	23.5
2691	19.5
2692	17.5
2693	19
2694	23.5
2695	21
2696	19
2697	23.5
2698	21
2699	22.5
2700	19.5
2701	19
2702	21
2703	20
2704	19.5
2705	28
2706	25
2707	21.5
2708	27.5
2709	29.5
2710	34
2711	17.5
2712	25.5
2713	36
2714	22.5
2715	21.5
2716	19
2717	24
2718	29.5
2719	18.5
2720	19
2721	19
2722	17
2723	20.5
2724	15
2725	21.5
2726	20.5
2727	20.5
2728	21.5
2729	33
2730	24
2731	24
2732	24
2733	20
2734	26.5
2735	17.5
2736	24
2737	26.5
2738	24.5
2739	25.5
2740	21.5
2741	24
2742	15.5
2743	14.5
2744	19.5
2745	27
2746	23.5
2747	17
2748	20
2749	16
2750	19
2751	23
2752	25
2753	26.5
2754	16.5
2755	20
2756	21
2757	20
2758	22
2759	20
2760	16.5
2761	14.5
2762	15
2763	18.5
2764	21
2765	20.5
2766	26
2767	35.5
2768	26.5
2769	15
2770	15.5
2771	19
2772	19.5
2773	22.5
2774	25
2775	29
2776	18
2777	30.5
2778	22.5
2779	18
2780	20
2781	19.5
2782	19
2783	19
2784	18
2785	17
2786	14.5
2787	14.5
2788	17
2789	21
2790	21
2791	21
2792	21
2793	24
2794	22.5
2795	17.5
2796	17.5
2797	16.5
2798	13.5
2799	12
2800	16
2801	17.5
2802	17.5
2803	14
2804	18
2805	15
2806	15.5
2807	20
2808	15
2809	15
2810	16.5
2811	15.5
2812	14
2813	14.5
2814	15.5
2815	18.5
2816	15.5
2817	15
2818	16.5
2819	13
2820	14.5
2821	13
2822	15.5
2823	11
2824	10.5
2825	12.5
2826	17
2827	19
2828	12.5
2829	13.5
2830	18
2831	20
2832	13
2833	15
2834	16.5
2835	19
2836	13.5
2837	12
2838	14
2839	15.5
2840	11
2841	13
2842	13.5
2843	17.5
2844	19
2845	18.5
2846	15
2847	12
2848	14
2849	8.5
2850	11
2851	15.5
2852	17.5
2853	14.5
2854	10.5
2855	11
2856	11
2857	10.5
2858	13.5
2859	14
2860	13
2861	16
2862	11
2863	10.5
2864	13
2865	15.5
2866	14.5
2867	14.5
2868	11.5
2869	9
2870	9.5
2871	9
2872	9.5
2873	11
2874	12.5
2875	12.5
2876	9.5
2877	9
2878	13
2879	12.5
2880	13.5
2881	12.5
2882	14.5
2883	14.5
2884	15
2885	13
2886	8
2887	9
2888	12
2889	13
2890	12.5
2891	12.5
2892	12.5
2893	12.5
2894	13
2895	13
2896	12
2897	11
2898	9
2899	13
2900	14.5
2901	14
2902	11
2903	12.5
2904	15
2905	12.5
2906	9
2907	13
2908	12.5
2909	13
2910	12.5
2911	16
2912	15.5
2913	13
2914	12
2915	11
2916	14.5
2917	14
2918	16.5
2919	10
2920	10.5
2921	11.5
2922	12.5
2923	9
2924	10
2925	11.5
2926	12.5
2927	12
2928	11.5
2929	15.5
2930	17.5
2931	10.5
2932	14.5
2933	15
2934	14.5
2935	16
2936	17.5
2937	14
2938	11.5
2939	14.5
2940	17
2941	15
2942	16.5
2943	17.5
2944	13
2945	14.5
2946	15.5
2947	16
2948	14.5
2949	13.5
2950	17
2951	20
2952	14.5
2953	16.5
2954	9
2955	13.5
2956	17
2957	21.5
2958	17.5
2959	16.5
2960	17
2961	22
2962	21
2963	10.5
2964	14
2965	17.5
2966	17.5
2967	21
2968	17.5
2969	17
