"Observation"	"Value"
1	0
2	2.11926316789773e-08
3	4.04339892452061e-08
4	4.04339892452061e-08
5	4.04339892452061e-08
6	4.04339892452061e-08
7	4.04339892452061e-08
8	4.04339892452061e-08
9	4.04339892452061e-08
10	4.04339892452061e-08
11	4.04339892452061e-08
12	4.04339892452061e-08
13	4.04339892452061e-08
14	4.04339892452061e-08
15	4.04339892452061e-08
16	4.04339892452061e-08
17	4.04339892452061e-08
18	4.04339892452061e-08
19	4.04339892452061e-08
20	4.04339892452061e-08
21	4.04339892452061e-08
22	4.04339892452061e-08
23	4.04339892452061e-08
24	4.04339892452061e-08
25	4.04339892452061e-08
26	4.04339892452061e-08
27	4.04339892452061e-08
28	4.04339892452061e-08
29	4.04339892452061e-08
30	4.04339892452061e-08
31	4.04339892452061e-08
32	4.04339892452061e-08
33	4.04339892452061e-08
34	4.04339892452061e-08
35	4.04339892452061e-08
36	4.04339892452061e-08
37	4.04339892452061e-08
38	4.04339892452061e-08
39	4.04339892452061e-08
40	4.04339892452061e-08
41	4.04339892452061e-08
42	4.04339892452061e-08
43	4.04339892452061e-08
44	4.04339892452061e-08
45	4.04339892452061e-08
46	4.04339892452061e-08
47	4.04339892452061e-08
48	4.04339892452061e-08
49	4.04339892452061e-08
50	4.04339892452061e-08
51	4.04339892452061e-08
52	4.04339892452061e-08
53	4.04339892452061e-08
54	4.04339892452061e-08
55	4.04339892452061e-08
56	4.04339892452061e-08
57	4.04339892452061e-08
58	4.04339892452061e-08
59	4.04339892452061e-08
60	4.04339892452061e-08
61	4.04339892452061e-08
62	4.04339892452061e-08
63	4.04339892452061e-08
64	4.06147431870183e-08
65	4.06147431870183e-08
66	4.06147431870183e-08
67	4.5221227009308e-08
68	4.5221227009308e-08
69	4.79918204491507e-08
70	4.79918204491507e-08
71	4.79918204491507e-08
72	4.79918204491507e-08
73	4.79918204491507e-08
74	4.79918204491507e-08
75	5.2364754054623e-08
76	5.2364754054623e-08
77	5.2364754054623e-08
78	5.2364754054623e-08
79	5.65344880030711e-08
80	5.65344880030711e-08
81	5.65344880030711e-08
82	5.65344880030711e-08
83	5.65344880030711e-08
84	5.65344880030711e-08
85	5.65344880030711e-08
86	6.067464260265e-08
87	6.067464260265e-08
88	6.067464260265e-08
89	6.067464260265e-08
90	6.067464260265e-08
91	6.067464260265e-08
92	6.067464260265e-08
93	6.067464260265e-08
94	6.067464260265e-08
95	6.067464260265e-08
96	6.067464260265e-08
97	6.067464260265e-08
98	6.067464260265e-08
99	6.067464260265e-08
100	6.067464260265e-08
101	6.067464260265e-08
102	6.067464260265e-08
103	6.067464260265e-08
104	6.067464260265e-08
105	6.067464260265e-08
106	6.067464260265e-08
107	6.48951643351579e-08
108	6.48951643351579e-08
109	6.48951643351579e-08
110	6.48951643351579e-08
111	6.79796872549432e-08
112	6.79796872549432e-08
113	6.79796872549432e-08
114	6.79796872549432e-08
115	6.79796872549432e-08
116	7.17831774215761e-08
117	7.17831774215761e-08
118	7.17831774215761e-08
119	7.17831774215761e-08
120	7.17831774215761e-08
121	7.17831774215761e-08
122	7.17831774215761e-08
123	7.17831774215761e-08
124	7.17831774215761e-08
125	7.17831774215761e-08
126	7.17831774215761e-08
127	7.17831774215761e-08
128	7.17831774215761e-08
129	7.17831774215761e-08
130	7.17831774215761e-08
131	7.17831774215761e-08
132	7.17831774215761e-08
133	7.17831774215761e-08
134	7.17831774215761e-08
135	7.17831774215761e-08
136	7.17831774215761e-08
137	8.31406349202958e-08
138	8.31406349202958e-08
139	8.31406349202958e-08
140	8.93335082392156e-08
141	8.93335082392156e-08
142	9.00555360693666e-08
143	9.00555360693666e-08
144	9.00555360693666e-08
145	9.00555360693666e-08
146	9.41001039135136e-08
147	9.41001039135136e-08
148	9.41001039135136e-08
149	9.41001039135136e-08
150	9.41001039135136e-08
151	9.41001039135136e-08
152	9.41001039135136e-08
153	9.76237787555655e-08
154	9.76237787555655e-08
155	9.76237787555655e-08
156	9.76237787555655e-08
157	9.76237787555655e-08
158	1.01333341038499e-07
159	1.01333341038499e-07
160	1.06467124493443e-07
161	1.06467124493443e-07
162	1.11576020289883e-07
163	1.11576020289883e-07
164	1.14091810869891e-07
165	1.14091810869891e-07
166	1.14091810869891e-07
167	1.14091810869891e-07
168	1.14091810869891e-07
169	1.14091810869891e-07
170	1.14091810869891e-07
171	1.14091810869891e-07
172	1.14091810869891e-07
173	1.14091810869891e-07
174	1.14091810869891e-07
175	1.14091810869891e-07
176	1.14091810869891e-07
177	4.14963681175592e-07
178	4.14963681175592e-07
179	4.14963681175592e-07
180	4.14963681175592e-07
181	4.14963681175592e-07
182	4.20729268060695e-07
183	4.24203858198246e-07
184	4.24203858198246e-07
185	4.30624626366913e-07
186	4.33644102052562e-07
187	4.33644102052562e-07
188	4.4003604590969e-07
189	4.41265494406818e-07
190	4.41265494406818e-07
191	4.46705210038072e-07
192	4.47787292015212e-07
193	4.47787292015212e-07
194	4.52307491864383e-07
195	4.55934461527709e-07
196	4.56915771225284e-07
197	4.56915771225284e-07
198	4.63009028946244e-07
199	4.65316639210633e-07
200	4.70070710592043e-07
201	4.75941793524705e-07
202	4.80053055614085e-07
203	4.80053055614085e-07
204	4.80053055614085e-07
205	4.80053055614085e-07
206	4.86451490474026e-07
207	4.86451490474026e-07
208	4.86451490474026e-07
209	4.86451490474026e-07
210	4.86451490474026e-07
211	4.91898082848336e-07
212	4.99436762359261e-07
213	4.99436762359261e-07
214	4.99436762359261e-07
215	5.06783472888005e-07
216	5.13583936687052e-07
217	5.13583936687052e-07
218	5.13583936687052e-07
219	5.19127766601728e-07
220	5.51996140291692e-07
221	5.51996140291692e-07
222	5.51996140291692e-07
223	5.64007204035378e-07
224	5.64007204035378e-07
225	5.64007204035378e-07
226	5.64007204035378e-07
227	5.64007204035378e-07
228	5.64007204035378e-07
229	5.6429917381664e-07
230	5.65066856201342e-07
231	5.65066856201342e-07
232	5.65066856201342e-07
233	5.65066856201342e-07
234	5.65066856201342e-07
235	5.65066856201342e-07
236	5.65066856201342e-07
237	5.65066856201342e-07
238	5.65066856201342e-07
239	5.65066856201342e-07
240	5.65066856201342e-07
241	5.65066856201342e-07
242	5.65066856201342e-07
243	5.65066856201342e-07
244	5.65066856201342e-07
245	5.65066856201342e-07
246	5.65066856201342e-07
247	5.65066856201342e-07
248	5.65066856201342e-07
249	5.65066856201342e-07
250	5.65066856201342e-07
251	5.65066856201342e-07
252	5.65066856201342e-07
253	5.65066856201342e-07
254	5.65066856201342e-07
255	5.65066856201342e-07
256	5.65066856201342e-07
257	5.65066856201342e-07
258	5.65066856201342e-07
259	5.65066856201342e-07
260	5.65066856201342e-07
261	5.68388359757455e-07
262	5.71898104551649e-07
263	5.71898104551649e-07
264	5.74391899581508e-07
265	5.74391899581508e-07
266	5.74423197913971e-07
267	5.74423197913971e-07
268	5.7849792358257e-07
269	5.80190873618875e-07
270	5.8409998032635e-07
271	5.85854178149754e-07
272	5.89887964945e-07
273	5.92567301570366e-07
274	5.95922931412036e-07
275	5.97178473039621e-07
276	6.01861688979352e-07
277	6.01861688979352e-07
278	6.01861688979352e-07
279	6.04720269471872e-07
280	6.08567357450884e-07
281	6.1249561612094e-07
282	6.15017367479404e-07
283	6.17719969282132e-07
284	6.17719969282132e-07
285	6.20841534856222e-07
286	6.20841534856222e-07
287	6.20841534856222e-07
288	6.27660636567086e-07
289	6.28258908091305e-07
290	6.31522827449158e-07
291	6.31718459481058e-07
292	6.32748741476648e-07
293	6.34876079502796e-07
294	6.39217324992165e-07
295	6.39217324992165e-07
296	6.39217324992165e-07
297	6.41873396709729e-07
298	6.43178617151873e-07
299	6.45964189227652e-07
300	6.47998531508296e-07
301	6.50276963798532e-07
302	6.53425264864362e-07
303	6.57307122029336e-07
304	6.6053093788002e-07
305	6.62269711215383e-07
306	6.64090297872633e-07
307	6.68157182582351e-07
308	6.72778251213538e-07
309	6.75966527206457e-07
310	6.78893938745676e-07
311	6.81599561236838e-07
312	6.83303051335478e-07
313	6.86865303166886e-07
314	6.91588236603984e-07
315	6.94906269845718e-07
316	6.97674553426628e-07
317	7.01370997037055e-07
318	7.03780472107354e-07
319	7.06144702623738e-07
320	7.09240689387695e-07
321	7.12923315356751e-07
322	7.16755943063548e-07
323	7.19509252321479e-07
324	7.20957405292528e-07
325	7.22591614448966e-07
326	7.24851409096945e-07
327	7.28709551189055e-07
328	7.3157854316383e-07
329	7.33670405217913e-07
330	7.35090665746056e-07
331	7.35873579613897e-07
332	7.36466517086468e-07
333	7.3921037907797e-07
334	7.42028277857298e-07
335	7.42028277857298e-07
336	7.47643959507109e-07
337	7.51337446853921e-07
338	7.54165564110602e-07
339	7.59819292525412e-07
340	7.62887387116024e-07
341	7.66113709604381e-07
342	7.6833327243467e-07
343	7.70461446096563e-07
344	7.72697397091598e-07
345	7.75388623465806e-07
346	7.79406986042571e-07
347	7.8125038771212e-07
348	7.84289111593239e-07
349	7.88577850045393e-07
350	7.91788169839687e-07
351	7.96648444324321e-07
352	7.99847966896118e-07
353	8.02564193604876e-07
354	8.0655357121239e-07
355	8.09592744989012e-07
356	8.14499613983628e-07
357	8.18773763313927e-07
358	8.21657729881239e-07
359	8.23899850833226e-07
360	8.39652217270574e-07
361	8.58270169523579e-07
362	8.76003664418253e-07
363	8.76003664418253e-07
364	8.93845257961491e-07
365	8.97017980886288e-07
366	8.98119664721511e-07
367	9.03012073174352e-07
368	9.07317842422095e-07
369	9.1354998361244e-07
370	9.17633064290682e-07
371	9.19441504038929e-07
372	9.22920078811181e-07
373	9.2806146196888e-07
374	9.30017782826997e-07
375	9.33428233338653e-07
376	9.39359278527168e-07
377	9.42427887168543e-07
378	9.46064497103199e-07
379	9.50460627417813e-07
380	9.54909971825305e-07
381	9.5856560514246e-07
382	9.6148941778722e-07
383	9.65646277823567e-07
384	9.71875270014955e-07
385	9.76280076654635e-07
386	9.8064953563277e-07
387	9.86829555256583e-07
388	9.86829555256583e-07
389	9.93056619285881e-07
390	9.93056619285881e-07
391	1.00177612865853e-06
392	1.00447930893684e-06
393	1.01018458017304e-06
394	1.0152580962303e-06
395	1.02136015885641e-06
396	1.02898704618959e-06
397	1.03377386209242e-06
398	1.03886421647949e-06
399	1.0425771771043e-06
400	1.04821297466296e-06
401	1.05166153609487e-06
402	1.05458869074349e-06
403	1.0644202948945e-06
404	1.07671259589133e-06
405	1.07671259589133e-06
406	1.08537831269552e-06
407	1.08970124158849e-06
408	1.09449718371189e-06
409	1.09951549362849e-06
410	1.10375063224752e-06
411	1.10949208651145e-06
412	1.11895222119208e-06
413	1.12027138812524e-06
414	1.12906480570563e-06
415	1.13862327045297e-06
416	1.14260390758016e-06
417	1.14428978813807e-06
418	1.15034859852761e-06
419	1.15383359987786e-06
420	1.15735279220804e-06
421	1.16204487720818e-06
422	1.17004728280169e-06
423	1.17513076044571e-06
424	1.17742178954045e-06
425	1.18270706890376e-06
426	1.18926858400952e-06
427	1.19130421155185e-06
428	1.19377326313776e-06
429	1.19674463423877e-06
430	1.20291372832956e-06
431	1.21074865149424e-06
432	1.21229879785128e-06
433	1.21314726518678e-06
434	1.21705733611009e-06
435	1.22433839666872e-06
436	1.23477913399126e-06
437	1.23621899637748e-06
438	1.24498195072204e-06
439	1.25035206409567e-06
440	1.25447974642743e-06
441	1.25811757773807e-06
442	1.26209988559763e-06
443	1.27090834192582e-06
444	1.27469437539219e-06
445	1.28097246819212e-06
446	1.28550940986865e-06
447	1.29391850428356e-06
448	1.30085418823271e-06
449	1.30392208981842e-06
450	1.30844335011631e-06
451	1.31658894539889e-06
452	1.3197411666746e-06
453	1.32290032911818e-06
454	1.33873701524553e-06
455	1.34575277735938e-06
456	1.34759907113728e-06
457	1.36985896764615e-06
458	1.3822956147441e-06
459	1.38430617779662e-06
460	1.39298841161519e-06
461	1.40569408490202e-06
462	1.40814964016198e-06
463	1.41870451750995e-06
464	1.42653854088363e-06
465	1.43610278984768e-06
466	1.44053163260609e-06
467	1.45034588464608e-06
468	1.45369669448687e-06
469	1.46434861663987e-06
470	1.46890599554066e-06
471	1.47812512478584e-06
472	1.48252144810535e-06
473	1.48996112230197e-06
474	1.49707919911724e-06
475	1.50157578066555e-06
476	1.50362246232098e-06
477	1.50618624507914e-06
478	1.51024593199995e-06
479	1.51733328868877e-06
480	1.52144297600911e-06
481	1.52759998788528e-06
482	1.53040734660228e-06
483	1.53702965933007e-06
484	1.5456570083234e-06
485	1.54905087766541e-06
486	1.55125874375176e-06
487	1.55417291612519e-06
488	1.55745688696707e-06
489	1.56045743577267e-06
490	1.5648299795945e-06
491	1.56644426557743e-06
492	1.56829801457398e-06
493	1.57292968742276e-06
494	1.57731752715255e-06
495	1.57894376703959e-06
496	1.58627727048017e-06
497	1.5917739918341e-06
498	1.59553701728328e-06
499	1.59919142949401e-06
500	1.60114607935019e-06
501	1.60602878337645e-06
502	1.61009181203154e-06
503	1.61194581818825e-06
504	1.61652132068054e-06
505	1.61795527026997e-06
506	1.62243527064864e-06
507	1.62564353370077e-06
508	1.62836155999153e-06
509	1.62936041453546e-06
510	1.63242703085948e-06
511	1.63493849931577e-06
512	1.63923469271701e-06
513	1.643523174009e-06
514	1.6506818683822e-06
515	1.65376570850671e-06
516	1.65670751616288e-06
517	1.65967233183626e-06
518	1.66588384306699e-06
519	1.67271734062525e-06
520	1.67570632126699e-06
521	1.68267773834837e-06
522	1.68533689490963e-06
523	1.68648202371676e-06
524	1.6891753709884e-06
525	1.69129544680081e-06
526	1.69277991111011e-06
527	1.69866429763338e-06
528	1.70482002424787e-06
529	1.70688572928579e-06
530	1.7094691780573e-06
531	1.71396884417975e-06
532	1.71747389755314e-06
533	1.72327961975349e-06
534	1.72572784864445e-06
535	1.72691320926926e-06
536	1.73020964833557e-06
537	1.7323265107242e-06
538	1.73759225265425e-06
539	1.73983662281419e-06
540	1.74302187811867e-06
541	1.74495403400842e-06
542	1.74632127344859e-06
543	1.74962388220228e-06
544	1.75384423923368e-06
545	1.75689016117328e-06
546	1.75861485970711e-06
547	1.76196284186436e-06
548	1.76293984534225e-06
549	1.76382096096628e-06
550	1.76590106212117e-06
551	1.76801663897855e-06
552	1.7686597057003e-06
553	1.77008555744026e-06
554	1.7722965083703e-06
555	1.77425141511709e-06
556	1.77892062068011e-06
557	1.78217901298141e-06
558	1.78605566440526e-06
559	1.79088811087181e-06
560	1.79618765777199e-06
561	1.79830940458633e-06
562	1.79962600072655e-06
563	1.80119658430786e-06
564	1.8034790012328e-06
565	1.80566848656749e-06
566	1.80737904614453e-06
567	1.80737904614453e-06
568	1.8079449909652e-06
569	1.8112803765875e-06
570	1.81291574242555e-06
571	1.81732337674876e-06
572	1.82001556706923e-06
573	1.82013741947347e-06
574	1.82206906131246e-06
575	1.82322100243782e-06
576	1.8241177994405e-06
577	1.82568067091256e-06
578	1.82872466495963e-06
579	1.83062301587924e-06
580	1.83449439713714e-06
581	1.83666794393303e-06
582	1.83866346823775e-06
583	1.84226119604123e-06
584	1.84309783805271e-06
585	1.84375157314731e-06
586	1.84559246844875e-06
587	1.84654697822977e-06
588	1.8476208979326e-06
589	1.85034432269984e-06
590	1.85183174327275e-06
591	1.85369513254062e-06
592	1.85485864209941e-06
593	1.85779093806433e-06
594	1.85976628203539e-06
595	1.86168044291373e-06
596	1.86376864191809e-06
597	1.86705325539081e-06
598	1.86827447772794e-06
599	1.86827447772794e-06
600	1.86882859722459e-06
601	1.86882859722459e-06
602	1.86923194377257e-06
603	1.86980084485685e-06
604	1.87080008541058e-06
605	1.87166911855043e-06
606	1.87215280015371e-06
607	1.87484216279065e-06
608	1.87555798076898e-06
609	1.87690144098103e-06
610	1.87766108967151e-06
611	1.87784438232862e-06
612	1.88061716486455e-06
613	1.88143349823185e-06
614	1.88143349823185e-06
615	1.88303313120723e-06
616	1.88384290914689e-06
617	1.88427466218854e-06
618	1.88525770677374e-06
619	1.88576632455631e-06
620	1.88679345728339e-06
621	1.88745349037591e-06
622	1.88771210535209e-06
623	1.88812085037655e-06
624	1.88890312161354e-06
625	1.88944387336432e-06
626	1.88944387336432e-06
627	1.88944387336432e-06
628	1.88957202376647e-06
629	1.89065841169373e-06
630	1.89085905673142e-06
631	1.89201009833534e-06
632	1.89391603278411e-06
633	1.89428608841272e-06
634	1.89436500962625e-06
635	1.89626143265334e-06
636	1.89835181644083e-06
637	1.89858331018504e-06
638	1.89888100002775e-06
639	1.89912778941036e-06
640	1.90085621568829e-06
641	1.9016494124583e-06
642	1.9036864538424e-06
643	1.90527169070082e-06
644	1.90606103141622e-06
645	1.90727929722017e-06
646	1.90789999855556e-06
647	1.90799408709697e-06
648	1.90933420530516e-06
649	1.91019899665015e-06
650	1.91019899665015e-06
651	1.91048794601253e-06
652	1.91104540751304e-06
653	1.91135710773246e-06
654	1.91296445281708e-06
655	1.91350507598778e-06
656	1.91350507598778e-06
657	1.91350507598778e-06
658	1.91350507598778e-06
659	1.91519802602408e-06
660	1.91729894987391e-06
661	1.91745473582837e-06
662	1.91745473582837e-06
663	1.91795718365399e-06
664	1.91906040991106e-06
665	1.92021440777859e-06
666	0
667	0
668	0
669	0
670	0
671	0
672	0
673	0
674	0
675	0
676	0
677	0
678	0
679	0
680	0
681	0
682	0
683	0
684	0
685	0
686	0
687	0
688	0
689	0
690	0
691	0
692	0
693	0
694	0
695	0
696	0
697	0
698	0
699	0
700	0
701	0
702	0
703	0
704	0
705	0
706	0
707	0
708	0
709	0
710	0
711	0
712	0
713	0
714	0
715	0
716	0
717	0
718	0
719	0
720	0
721	0
722	0
723	0
724	0
725	0
726	0
727	0
728	0
729	0
730	0
731	0
732	0
733	0
734	0
735	0
736	0
737	0
738	0
739	0
740	0
741	0
742	0
743	0
744	0
745	0
746	0
747	0
748	0
749	0
750	0
751	0
752	0
753	0
754	0
755	0
756	0
757	0
758	0
759	0
760	0
761	0
762	0
763	0
764	0
765	0
766	0
767	0
768	0
769	0
770	0
771	0
772	0
773	0
774	0
775	0
776	0
777	0
778	0
779	0
780	0
781	0
782	0
783	0
784	0
785	0
786	0
787	0
788	0
789	0
790	0
791	0
792	0
793	0
794	0
795	0
796	0
797	0
798	0
799	0
800	0
801	0
802	0
803	0
804	0
805	0
806	0
807	0
808	0
809	0
810	0
811	0
812	0
813	0
814	0
815	0
816	0
817	0
818	0
819	0
820	0
821	0
822	0
823	0
824	0
825	0
826	0
827	0
828	0
829	0
830	0
831	0
832	0
833	0
834	0
835	0
836	0
837	0
838	0
839	0
840	0
841	0
842	0
843	0
844	0
845	0
846	0
847	0
848	0
849	0
850	0
851	0
852	0
853	0
854	0
855	0
856	0
857	0
858	0
859	0
860	0
861	0
862	0
863	0
864	0
865	0
866	0
867	0
868	0
869	0
870	0
871	0
872	0
873	0
874	0
875	0
876	0
877	0
878	0
879	0
880	0
881	0
882	0
883	0
884	0
885	0
886	0
887	0
888	0
889	0
890	0
891	0
892	0
893	0
894	0
895	0
896	0
897	0
898	0
899	0
900	0
901	0
902	0
903	0
904	0
905	0
906	0
907	0
908	0
909	0
910	0
911	0
912	0
913	0
914	0
915	0
916	0
917	0
918	0
919	0
920	0
921	0
922	0
923	0
924	0
925	0
926	0
927	0
928	0
929	0
930	0
931	0
932	0
933	0
934	0
935	0
936	0
937	0
938	0
939	0
940	0
941	0
942	0
943	0
944	0
945	0
946	0
947	0
948	0
949	0
950	0
951	0
952	0
953	0
954	0
955	0
956	0
957	0
958	0
959	0
960	0
961	0
962	0
963	0
964	0
965	0
966	0
967	0
968	0
969	0
970	0
971	0
972	0
973	0
974	0
975	0
976	0
977	0
978	0
979	0
980	0
981	0
982	0
983	0
984	0
985	0
986	0
987	0
988	0
989	0
990	0
991	0
992	0
993	0
994	0
995	0
996	0
997	0
998	0
999	0
1000	0
