"Observation"	"Value"
1	0.150000006
2	0.150000006
3	0.150000006
4	0.150000006
5	0.150000006
6	0.150000006
7	0.150000006
8	0.150000006
9	0.150000006
10	0.150000006
11	0.150000006
12	0.150000006
13	0.150000006
14	0.150000006
15	0.150000006
16	0.150000006
17	0.150000006
18	0.150000006
19	0.150000006
20	0.150000006
21	0.150000006
22	0.150000006
23	0.150000006
24	0.150000006
25	0.150000006
26	0.150000006
27	0.150000006
28	0.150000006
29	0.150000006
30	0.150000006
31	0.150000006
32	0.150000006
33	0.150000006
34	0.150000006
35	0.150000006
36	0.150000006
37	0.150000006
38	0.150000006
39	0.150000006
40	0.150000006
41	0.150000006
42	0.150000006
43	0.150000006
44	0.150000006
45	0.150000006
46	0.150000006
47	0.150000006
48	0.150000006
49	0.150000006
50	0.150000006
51	0.150000006
52	0.150000006
53	0.150000006
54	0.150000006
55	0.150000006
56	0.150000006
57	0.150000006
58	0.150000006
59	0.150000006
60	0.150000006
61	0.150000006
62	0.150000006
63	0.150000006
64	0.150670558
65	0.150670558
66	0.150670558
67	0.167759463
68	0.167759463
69	0.178037673
70	0.178037673
71	0.178037673
72	0.178037673
73	0.178037673
74	0.178037673
75	0.194260165
76	0.194260165
77	0.194260165
78	0.194260165
79	0.209728837
80	0.209728837
81	0.209728837
82	0.209728837
83	0.209728837
84	0.209728837
85	0.209728837
86	0.225087777
87	0.225087777
88	0.225087777
89	0.225087777
90	0.225087777
91	0.225087777
92	0.225087777
93	0.225087777
94	0.225087777
95	0.225087777
96	0.225087777
97	0.225087777
98	0.225087777
99	0.225087777
100	0.225087777
101	0.225087777
102	0.225087777
103	0.225087777
104	0.225087777
105	0.225087777
106	0.225087777
107	0.240744859
108	0.240744859
109	0.240744859
110	0.240744859
111	0.252187669
112	0.252187669
113	0.252187669
114	0.252187669
115	0.252187669
116	0.266297668
117	0.266297668
118	0.266297668
119	0.266297668
120	0.266297668
121	0.266297668
122	0.266297668
123	0.266297668
124	0.266297668
125	0.266297668
126	0.266297668
127	0.266297668
128	0.266297668
129	0.266297668
130	0.266297668
131	0.266297668
132	0.266297668
133	0.266297668
134	0.266297668
135	0.266297668
136	0.266297668
137	0.308431
138	0.308431
139	0.308431
140	0.331405014
141	0.331405014
142	0.334083557
143	0.334083557
144	0.334083557
145	0.334083557
146	0.349087894
147	0.349087894
148	0.349087894
149	0.349087894
150	0.349087894
151	0.349087894
152	0.349087894
153	0.362159848
154	0.362159848
155	0.362159848
156	0.362159848
157	0.362159848
158	0.375921398
159	0.375921398
160	0.394966453
161	0.394966453
162	0.413919181
163	0.413919181
164	0.423252136
165	0.423252136
166	0.423252136
167	0.423252136
168	0.423252136
169	0.423252136
170	0.423252136
171	0.423252136
172	0.423252136
173	0.423252136
174	0.423252136
175	0.423252136
176	0.423252136
177	1.539411664
178	1.539411664
179	1.539411664
180	1.539411664
181	1.539411664
182	1.560800552
183	1.573690414
184	1.573690414
185	1.597509861
186	1.608711362
187	1.608711362
188	1.632423878
189	1.636984825
190	1.636984825
191	1.657164812
192	1.661179066
193	1.661179066
194	1.677947879
195	1.691403031
196	1.695043445
197	1.695043445
198	1.71764791
199	1.726208568
200	1.743844986
201	1.765625238
202	1.780876994
203	1.780876994
204	1.780876994
205	1.780876994
206	1.80461359
207	1.80461359
208	1.80461359
209	1.80461359
210	1.80461359
211	1.824819088
212	1.852785707
213	1.852785707
214	1.852785707
215	1.880040169
216	1.905268192
217	1.905268192
218	1.905268192
219	1.925834417
220	2.047767878
221	2.047767878
222	2.047767878
223	2.092325926
224	2.092325926
225	2.092325926
226	2.092325926
227	2.092325926
228	2.092325926
229	2.093409061
230	2.096256971
231	2.096256971
232	2.096256971
233	2.096256971
234	2.096256971
235	2.096256971
236	2.096256971
237	2.096256971
238	2.096256971
239	2.096256971
240	2.096256971
241	2.096256971
242	2.096256971
243	2.096256971
244	2.096256971
245	2.096256971
246	2.096256971
247	2.096256971
248	2.096256971
249	2.096256971
250	2.096256971
251	2.096256971
252	2.096256971
253	2.096256971
254	2.096256971
255	2.096256971
256	2.096256971
257	2.096256971
258	2.096256971
259	2.096256971
260	2.096256971
261	2.10857892
262	2.121599197
263	2.121599197
264	2.130850554
265	2.130850554
266	2.130966663
267	2.130966663
268	2.146082878
269	2.1523633
270	2.16686511
271	2.173372746
272	2.188337088
273	2.198276758
274	2.210725307
275	2.215383053
276	2.232756615
277	2.232756615
278	2.232756615
279	2.243361235
280	2.257632971
281	2.27220583
282	2.281560898
283	2.291586876
284	2.291586876
285	2.303167105
286	2.303167105
287	2.303167105
288	2.32846427
289	2.330683708
290	2.342792034
291	2.34351778
292	2.347339869
293	2.355231762
294	2.371336699
295	2.371336699
296	2.371336699
297	2.381190062
298	2.386032104
299	2.396365881
300	2.403912783
301	2.412365198
302	2.424044609
303	2.43844533
304	2.450404882
305	2.456855297
306	2.463609219
307	2.478696346
308	2.495839357
309	2.507667065
310	2.518527031
311	2.528564215
312	2.534883738
313	2.548098803
314	2.565619707
315	2.577928782
316	2.588198423
317	2.601911306
318	2.610849857
319	2.619620562
320	2.6311059
321	2.644767523
322	2.658985615
323	2.669199705
324	2.674571991
325	2.680634499
326	2.689017773
327	2.703330517
328	2.713973761
329	2.721734047
330	2.727002859
331	2.729907274
332	2.732106924
333	2.742285967
334	2.752739668
335	2.752739668
336	2.773572445
337	2.787274361
338	2.79776597
339	2.818739891
340	2.830121756
341	2.842090607
342	2.850324631
343	2.858219624
344	2.866514444
345	2.876498222
346	2.891405344
347	2.898243904
348	2.909516811
349	2.92542696
350	2.937336445
351	2.95536685
352	2.96723628
353	2.977312803
354	2.992112398
355	3.003386974
356	3.021590233
357	3.03744626
358	3.048145056
359	3.056462765
360	3.114900112
361	3.183968067
362	3.249754906
363	3.249754906
364	3.315942764
365	3.327712774
366	3.331799746
367	3.34994936
368	3.365922689
369	3.389042377
370	3.404189587
371	3.410898447
372	3.423803091
373	3.442876339
374	3.450133801
375	3.462785721
376	3.484788418
377	3.49617219
378	3.509663105
379	3.525971651
380	3.542477608
381	3.556039095
382	3.56688571
383	3.582306623
384	3.605414629
385	3.621755362
386	3.637964964
387	3.660891294
388	3.660891294
389	3.683992147
390	3.683992147
391	3.71633935
392	3.726367474
393	3.747532606
394	3.766354084
395	3.788991213
396	3.817285061
397	3.835042953
398	3.853926897
399	3.867701054
400	3.888608456
401	3.901401758
402	3.912260771
403	3.948733568
404	3.994334936
405	3.994334936
406	4.026482582
407	4.042519569
408	4.060311317
409	4.078927994
410	4.094639301
411	4.115938663
412	4.151033401
413	4.155927181
414	4.188548565
415	4.224008083
416	4.238775253
417	4.245029449
418	4.267506123
419	4.280434608
420	4.293489933
421	4.310896397
422	4.340583324
423	4.359441757
424	4.367940903
425	4.38754797
426	4.411889553
427	4.419441223
428	4.428600788
429	4.439623833
430	4.462509632
431	4.491575241
432	4.497325897
433	4.500473499
434	4.514978886
435	4.541989803
436	4.580722332
437	4.586063862
438	4.618572235
439	4.638494015
440	4.653806686
441	4.667302132
442	4.6820755
443	4.714752674
444	4.728797913
445	4.75208807
446	4.768918991
447	4.800114632
448	4.825844288
449	4.837225437
450	4.853998184
451	4.884216309
452	4.895910263
453	4.907629967
454	4.966380119
455	4.992406845
456	4.999256134
457	5.081834793
458	5.127971649
459	5.135430336
460	5.167639256
461	5.214774132
462	5.223883629
463	5.263039589
464	5.29210186
465	5.327582836
466	5.344012737
467	5.380421162
468	5.39285183
469	5.432367802
470	5.44927454
471	5.483475208
472	5.49978447
473	5.527383804
474	5.553790092
475	5.570471287
476	5.578063965
477	5.587574959
478	5.602635384
479	5.628927708
480	5.644173622
481	5.667014599
482	5.677429199
483	5.701996326
484	5.734001637
485	5.746592045
486	5.754782677
487	5.765593529
488	5.777776241
489	5.788907528
490	5.805128574
491	5.811117172
492	5.817994118
493	5.835176468
494	5.851454258
495	5.857487202
496	5.884692669
497	5.905084133
498	5.919044018
499	5.932600975
500	5.939852238
501	5.957965851
502	5.973038673
503	5.979916573
504	5.996890545
505	6.00221014
506	6.018829823
507	6.030731678
508	6.040814877
509	6.044520378
510	6.055896759
511	6.06521368
512	6.081151485
513	6.09706068
514	6.123617649
515	6.135057926
516	6.145971298
517	6.156970024
518	6.18001318
519	6.20536375
520	6.216452122
521	6.242314339
522	6.252179146
523	6.256427288
524	6.266418934
525	6.274283886
526	6.279790878
527	6.301620483
528	6.324456692
529	6.332119942
530	6.341703892
531	6.35839653
532	6.371399403
533	6.392937183
534	6.402019501
535	6.406416893
536	6.418645859
537	6.42649889
538	6.446033478
539	6.454359531
540	6.466176033
541	6.473343849
542	6.478415966
543	6.49066782
544	6.506324291
545	6.517623901
546	6.524022102
547	6.53644228
548	6.540066719
549	6.543335438
550	6.551052094
551	6.558900356
552	6.561285973
553	6.566575527
554	6.574777603
555	6.582029819
556	6.599351406
557	6.611439228
558	6.625820637
559	6.643747807
560	6.663407803
561	6.671278954
562	6.676163197
563	6.68198967
564	6.690456867
565	6.698579311
566	6.70492506
567	6.70492506
568	6.707024574
569	6.719398022
570	6.725464821
571	6.741816044
572	6.751803398
573	6.75225544
574	6.759421349
575	6.763694763
576	6.767021656
577	6.772819519
578	6.784111977
579	6.791154385
580	6.805516243
581	6.813579559
582	6.820982456
583	6.834329128
584	6.837432861
585	6.839858055
586	6.846687317
587	6.85022831
588	6.854212284
589	6.86431551
590	6.869833469
591	6.876746178
592	6.881062508
593	6.891940594
594	6.899268627
595	6.906369686
596	6.914116383
597	6.926301479
598	6.930831909
599	6.930831909
600	6.932887554
601	6.932887554
602	6.934383869
603	6.93649435
604	6.940201283
605	6.943425179
606	6.945219517
607	6.955196381
608	6.957851887
609	6.962835789
610	6.965653896
611	6.966333866
612	6.976620197
613	6.97964859
614	6.97964859
615	6.985582829
616	6.988586903
617	6.990188599
618	6.993835449
619	6.995722294
620	6.9995327
621	7.001981258
622	7.002940655
623	7.004456997
624	7.007359028
625	7.009365082
626	7.009365082
627	7.009365082
628	7.009840488
629	7.013870716
630	7.014615059
631	7.018885136
632	7.025955677
633	7.027328491
634	7.027621269
635	7.034656525
636	7.042411327
637	7.043270111
638	7.044374466
639	7.045289993
640	7.051702023
641	7.054644585
642	7.0622015
643	7.068082333
644	7.07101059
645	7.075530052
646	7.077832699
647	7.078181744
648	7.083153248
649	7.086361408
650	7.086361408
651	7.087433338
652	7.089501381
653	7.090657711
654	7.09662056
655	7.098626137
656	7.098626137
657	7.098626137
658	7.098626137
659	7.104906559
660	7.112700462
661	7.113278389
662	7.113278389
663	7.115142345
664	7.119235039
665	7.123516083
666	7.124239922
667	7.125109196
668	7.129505634
669	7.134109974
670	7.135242462
671	7.135727406
672	7.136918545
673	7.136918545
674	7.13790226
675	7.138147831
676	7.140090466
677	7.144538879
678	7.146248341
679	7.146248341
680	7.146248341
681	7.146248341
682	7.146248341
683	7.146248341
684	7.148870468
685	7.151297569
686	7.151428699
687	7.153398514
688	7.154700279
689	7.155697346
690	7.161699295
691	7.16326189
692	7.166045666
693	7.167479038
694	7.167479038
695	7.172409058
696	7.174250603
697	7.176372528
698	7.177484035
699	7.177697659
700	7.178527832
701	7.184938908
702	7.191549301
703	7.194663525
704	7.198096275
705	7.199795723
706	7.203855515
707	7.206655979
708	7.206655979
709	7.207948208
710	7.209444523
711	7.211390972
712	7.218420029
713	7.220564365
714	7.220564365
715	7.222669601
716	7.223652363
717	7.229201317
718	7.231520653
719	7.238314152
720	7.241393566
721	7.241717339
722	7.243702412
723	7.245426655
724	7.248459816
725	7.254290104
726	7.257779598
727	7.257779598
728	7.260577679
729	7.260881901
730	7.262660027
731	7.267864704
732	7.271091938
733	7.27705574
734	7.282238483
735	7.284158707
736	7.294086933
737	7.302815914
738	7.307048798
739	7.315489292
740	7.319635868
741	7.320088863
742	7.323755741
743	7.327226162
744	7.330161095
745	7.332740784
746	7.334173679
747	7.338726044
748	7.342326164
749	7.348919868
750	7.360638142
751	7.369751453
752	7.372342587
753	7.3844347
754	7.393224239
755	7.397713184
756	7.398319721
757	7.403669834
758	7.412543297
759	7.419814587
760	7.422895432
761	7.423444271
762	7.427600861
763	7.430004597
764	7.435618877
765	7.440105915
766	7.442849159
767	7.453013897
768	7.460161209
769	7.462596416
770	7.468825817
771	7.475637913
772	7.486580849
773	7.494398117
774	7.497902393
775	7.498734474
776	7.506842613
777	7.520406246
778	7.535635471
779	7.539451599
780	7.554913998
781	7.570219994
782	7.582991123
783	7.597813129
784	7.600024223
785	7.615932465
786	7.621054173
787	7.627252102
788	7.632704258
789	7.634586334
790	7.650417328
791	7.659731865
792	7.673027039
793	7.680596828
794	7.681209087
795	7.685578346
796	7.688671589
797	7.695016384
798	7.699558735
799	7.704750538
800	7.720541954
801	7.726211071
802	7.726277351
803	7.733953476
804	7.737279892
805	7.750686169
806	7.765240192
807	7.78050375
808	7.781216621
809	7.784634113
810	7.790059566
811	7.792108536
812	7.796587467
813	7.799376011
814	7.815119743
815	7.831127644
816	7.848010063
817	7.861215591
818	7.871946812
819	7.876315117
820	7.88997221
821	7.905653477
822	7.912510872
823	7.914080143
824	7.921064854
825	7.926915169
826	7.941546917
827	7.956234455
828	7.97061348
829	7.973649979
830	7.975635529
831	7.981354237
832	7.984603405
833	7.990421772
834	7.994123459
835	8.010109901
836	8.02849102
837	8.042797089
838	8.045717239
839	8.062419891
840	8.067633629
841	8.077953339
842	8.089159966
843	8.098203659
844	8.101018906
845	8.101851463
846	8.10724926
847	8.113628387
848	8.117316246
849	8.134636879
850	8.146492958
851	8.159818649
852	8.163924217
853	8.165067673
854	8.182291985
855	8.200734138
856	8.219032288
857	8.227068901
858	8.22772789
859	8.232476234
860	8.235062599
861	8.238905907
862	8.24669838
863	8.252811432
864	8.264788628
865	8.271936417
866	8.281191826
867	8.289715767
868	8.300515175
869	8.310016632
870	8.310016632
871	8.319999695
872	8.333611488
873	8.347138405
874	8.356472969
875	8.356973648
876	8.363231659
877	8.373977661
878	8.381468773
879	8.390353203
880	8.396835327
881	8.396835327
882	8.401965141
883	8.415513039
884	8.422194481
885	8.42543602
886	8.428062439
887	8.434138298
888	8.43724823
889	8.447127342
890	8.455955505
891	8.459031105
892	8.46214962
893	8.465521812
894	8.473088264
895	8.480341911
896	8.480341911
897	8.485152245
898	8.489876747
899	8.500133514
900	8.503241539
901	8.503241539
902	8.508262634
903	8.515102386
904	8.519227982
905	8.527816772
906	8.533286095
907	8.542547226
908	8.549459457
909	8.560229301
910	8.563803673
911	8.572818756
912	8.575854301
913	8.575854301
914	8.580018997
915	8.590286255
916	8.597107887
917	8.606344223
918	8.610650063
919	8.614034653
920	8.618424416
921	8.618424416
922	8.627162933
923	8.634420395
924	8.637971878
925	8.63801384
926	8.647507668
927	8.652321815
928	8.652321815
929	8.656545639
930	8.666054726
931	8.676250458
932	8.686421394
933	8.698021889
934	8.702667236
935	8.702667236
936	8.705239296
937	8.706954956
938	8.716446877
939	8.720726013
940	8.729866982
941	8.733603477
942	8.733603477
943	8.737029076
944	8.741106033
945	8.748728752
946	8.757510185
947	8.75945282
948	8.75945282
949	8.759865761
950	8.759911537
951	8.761614799
952	8.763404846
953	8.771291733
954	8.77478981
955	8.77478981
956	8.778930664
957	8.782165527
958	8.782165527
959	8.787904739
960	8.794048309
961	8.802008629
962	8.809568405
963	8.81145668
964	8.819252014
965	8.822384834
966	8.827609062
967	8.829627037
968	8.829627037
969	8.831268311
970	8.832734108
971	8.834294319
972	8.835653305
973	8.836110115
974	8.83678627
975	8.840484619
976	8.842521667
977	8.846622467
978	8.848244667
979	8.849779129
980	8.855597496
981	8.855597496
982	8.855597496
983	8.857514381
984	8.86251545
985	8.862600327
986	8.868901253
987	8.87343502
988	8.874180794
989	8.880382538
990	8.881129265
991	8.882698059
992	8.884175301
993	8.88602066
994	8.887368202
995	8.891043663
996	8.89414978
997	8.894504547
998	8.894504547
999	8.899296761
1000	8.901747704
1001	8.905593872
1002	8.909557343
1003	8.914072037
1004	8.915094376
1005	8.915094376
1006	8.915458679
1007	8.921164513
1008	8.92278862
1009	8.924917221
1010	8.92797184
1011	8.928433418
1012	8.929246902
1013	8.930332184
1014	8.933691025
1015	8.935617447
1016	8.938609123
1017	8.940299988
1018	8.943547249
1019	8.945332527
1020	8.945332527
1021	8.945340157
1022	8.94652462
1023	8.946706772
1024	8.946706772
1025	8.94899559
1026	8.950948715
1027	8.953757286
1028	8.955916405
1029	8.955982208
1030	8.958392143
1031	8.958392143
1032	8.958392143
1033	8.958468437
1034	8.958571434
1035	8.960776329
1036	8.962497711
1037	8.964522362
1038	8.964668274
1039	8.965624809
1040	8.965835571
1041	8.965835571
1042	8.968118668
1043	8.971095085
1044	8.972247124
1045	8.972333908
1046	8.973121643
1047	8.973146439
1048	8.976449966
1049	8.978992462
1050	8.979712486
1051	8.979712486
1052	8.980950356
1053	8.982105255
1054	8.98287487
1055	8.983492851
1056	8.983492851
1057	8.98558712
1058	8.987733841
1059	8.988385201
1060	8.988781929
1061	8.992282867
1062	8.99424839
1063	8.995877266
1064	8.997307777
1065	8.997307777
1066	8.997307777
1067	8.99749279
1068	9.002104759
1069	9.006599426
1070	9.008055687
1071	9.008055687
1072	9.009795189
1073	9.010175705
1074	9.010561943
1075	9.010561943
1076	9.010726929
1077	9.011222839
1078	9.015663147
1079	9.017580986
1080	9.021306992
1081	9.023506165
1082	9.026594162
1083	9.030893326
1084	9.036819458
1085	9.037291527
1086	9.04175663
1087	9.044625282
1088	9.047549248
1089	9.050589561
1090	9.052640915
1091	9.054326057
1092	9.05812645
1093	9.060806274
1094	9.063073158
1095	9.064998627
1096	9.068828583
1097	9.07080555
1098	9.074306488
1099	9.07678318
1100	9.081187248
1101	9.08608532
1102	9.087422371
1103	9.087927818
1104	9.090682983
1105	9.096951485
1106	9.104431152
1107	9.106874466
1108	9.106966019
1109	9.10904026
1110	9.110567093
1111	9.117051125
1112	9.12182045
1113	9.12409687
1114	9.124383926
1115	9.125610352
1116	9.125771523
1117	9.126898766
1118	9.132844925
1119	9.137010574
1120	9.141983986
1121	9.146248817
1122	9.152142525
1123	9.159816742
1124	9.161364555
1125	9.161581993
1126	9.164676666
1127	9.164991379
1128	9.167269707
1129	9.172088623
1130	9.175635338
1131	9.181463242
1132	9.182780266
1133	9.185475349
1134	9.191547394
1135	9.193286896
1136	9.193574905
1137	9.196393013
1138	9.198093414
1139	9.20621109
1140	9.215324402
1141	9.219127655
1142	9.219127655
1143	9.224201202
1144	9.2280159
1145	9.2280159
1146	9.229199409
1147	9.237565041
1148	9.241687775
1149	9.241687775
1150	9.244704247
1151	9.244704247
1152	9.247950554
1153	9.253475189
1154	9.25924778
1155	9.265079498
1156	9.274149895
1157	9.284981728
1158	9.2874403
1159	9.28762722
1160	9.292046547
1161	9.298007965
1162	9.303313255
1163	9.309348106
1164	9.314256668
1165	9.321019173
1166	9.33198452
1167	9.339576721
1168	9.342933655
1169	9.342933655
1170	9.345590591
1171	9.352744102
1172	9.358335495
1173	9.358335495
1174	9.360732079
1175	9.367182732
1176	9.370873451
1177	9.377735138
1178	9.386776924
1179	9.388632774
1180	9.388632774
1181	9.391781807
1182	9.391781807
1183	9.395712852
1184	9.404297829
1185	9.414689064
1186	9.420984268
1187	9.423751831
1188	9.423751831
1189	9.434047699
1190	9.442780495
1191	9.446593285
1192	9.45121479
1193	9.455210686
1194	9.460326195
1195	9.467018127
1196	9.47105217
1197	9.479243279
1198	9.488958359
1199	9.491650581
1200	9.500283241
1201	9.505825043
1202	9.505825043
1203	9.508462906
1204	9.510560989
1205	9.516352654
1206	9.52372551
1207	9.53091526
1208	9.542324066
1209	9.544695854
1210	9.554356575
1211	9.559555054
1212	9.559555054
1213	9.559555054
1214	9.559555054
1215	9.562660217
1216	9.565788269
1217	9.581233978
1218	9.589907646
1219	9.601183891
1220	9.613677979
1221	9.614263535
1222	9.614816666
1223	9.62386322
1224	9.63553524
1225	9.642036438
1226	9.642036438
1227	9.645048141
1228	9.646267891
1229	9.647241592
1230	9.648719788
1231	9.649943352
1232	9.650266647
1233	9.650820732
1234	9.651662827
1235	9.651662827
1236	9.653229713
1237	9.659626961
1238	9.666835785
1239	9.673981667
1240	9.680760384
1241	9.682975769
1242	9.682975769
1243	9.686610222
1244	9.69593811
1245	9.702246666
1246	9.705023766
1247	9.70945549
1248	9.715880394
1249	9.72012043
1250	9.728113174
1251	9.734753609
1252	9.740242004
1253	9.745921135
1254	9.748088837
1255	9.748088837
1256	9.748088837
1257	9.759393692
1258	9.759393692
1259	9.769205093
1260	9.774975777
1261	9.775645256
1262	9.782525063
1263	9.792160034
1264	9.792160034
1265	9.796679497
1266	9.80447197
1267	9.811219215
1268	9.818254471
1269	9.826498985
1270	9.835956573
1271	9.839065552
1272	9.839065552
1273	9.845795631
1274	9.850128174
1275	9.855220795
1276	9.858208656
1277	9.86425209
1278	9.868718147
1279	9.874837875
1280	9.879416466
1281	9.880835533
1282	9.884501457
1283	9.889681816
1284	9.893293381
1285	9.899614334
1286	9.905872345
1287	9.910386086
1288	9.915441513
1289	9.921927452
1290	9.925832748
1291	9.931747437
1292	9.939788818
1293	9.945997238
1294	9.955220222
1295	9.96240139
1296	9.970355988
1297	9.976622581
1298	9.976622581
1299	9.981030464
1300	9.982246399
1301	9.991838455
1302	10.00284672
1303	10.00970459
1304	10.01332378
1305	10.01720428
1306	10.01720428
1307	10.02071667
1308	10.02178764
1309	10.02830696
1310	10.02944946
1311	10.03742409
1312	10.04478073
1313	10.05399132
1314	10.06256008
1315	10.06918716
1316	10.07294655
1317	10.07780457
1318	10.08490753
1319	10.08835602
1320	10.09484291
1321	10.09840679
1322	10.10217476
1323	10.110116
1324	10.11729145
1325	10.12296009
1326	10.12882614
1327	10.13608837
1328	10.1438427
1329	10.15111351
1330	10.15547085
1331	10.15998363
1332	10.16646194
1333	10.17413807
1334	10.17943287
1335	10.1839304
1336	10.19123363
1337	10.19913483
1338	10.20536709
1339	10.21208096
1340	10.22044277
1341	10.22841454
1342	10.23457432
1343	10.24142933
1344	10.24856567
1345	10.25631237
1346	10.26332474
1347	10.27081203
1348	10.27777386
1349	10.28516102
1350	10.290658
1351	10.29472828
1352	10.29948711
1353	10.30477428
1354	10.31059074
1355	10.31732655
1356	10.32432652
1357	10.33153725
1358	10.33792877
1359	10.3450346
1360	10.35282516
1361	10.35983753
1362	10.3657093
1363	10.37075043
1364	10.3762064
1365	10.38109684
1366	10.38721466
1367	10.39428043
1368	10.39963627
1369	10.40492153
1370	10.41074848
1371	10.41538715
1372	10.41907787
1373	10.42383099
1374	10.42827129
1375	10.43302155
1376	10.43701649
1377	10.44132519
1378	10.44605446
1379	10.45073318
1380	10.45352745
1381	10.45614147
1382	10.46043301
1383	10.46414948
1384	10.46760464
1385	10.46995926
1386	10.4720974
1387	10.47553062
1388	10.47869587
1389	10.48034286
1390	10.48305035
1391	10.48680401
1392	10.49073792
1393	10.49341774
1394	10.49662304
1395	10.49919319
1396	10.50158405
1397	10.50378132
1398	10.50669479
1399	10.50960064
1400	10.51327801
1401	10.51559925
1402	10.51832104
1403	10.52180767
1404	10.5247612
1405	10.52742863
1406	10.53014469
1407	10.53280163
1408	10.53460884
1409	10.53610706
1410	10.53895283
1411	10.54202843
1412	10.54440594
1413	10.54654598
1414	10.54874802
1415	10.55039597
1416	10.55238342
1417	10.55461121
1418	10.55631447
1419	10.55779743
1420	10.55779743
1421	10.55814075
1422	10.56142426
1423	10.56458855
1424	10.56750774
1425	10.57121086
1426	10.57404137
1427	10.57796001
1428	10.58062744
1429	10.58489895
1430	10.58808804
1431	10.59062386
1432	10.59457493
1433	10.59745216
1434	10.60168934
1435	10.6046133
1436	10.60791111
1437	10.61078262
1438	10.61379147
1439	10.61620235
1440	10.61851025
1441	10.62066555
1442	10.62377262
1443	10.62684155
1444	10.62919044
1445	10.63190365
1446	10.63483143
1447	10.6366806
1448	10.63763237
1449	10.63886261
1450	10.63886261
1451	10.64116287
1452	10.64222908
1453	10.64415455
1454	10.64652348
1455	10.64880562
1456	10.64933014
1457	10.65242386
1458	10.65475559
1459	10.65632725
1460	10.66078091
1461	10.66159916
1462	10.66159916
1463	10.66458607
1464	10.66574478
1465	10.66923523
1466	10.67176247
1467	10.6752243
1468	10.67955589
1469	10.68274307
1470	10.6861372
1471	10.69012928
1472	10.69209957
1473	10.69558811
1474	10.69692516
1475	10.70035267
1476	10.70381737
1477	10.70871639
1478	10.71239853
1479	10.7170887
1480	10.72125244
1481	10.72293472
1482	10.72564602
1483	10.72636032
1484	10.73032761
1485	10.73424435
1486	10.73954391
1487	10.74585915
1488	10.75068855
1489	10.75332165
1490	10.75586605
1491	10.75761414
1492	10.75844955
1493	10.76481724
1494	10.77052307
1495	10.77621746
1496	10.78290081
1497	10.78495693
1498	10.78853798
1499	10.79226112
1500	10.79226112
1501	10.79311562
1502	10.79910183
1503	10.80638123
1504	10.81235504
1505	10.81778526
1506	10.82257748
1507	10.8283186
1508	10.83312702
1509	10.83803272
1510	10.84345055
1511	10.84345055
1512	10.84948444
1513	10.84948444
1514	10.85576725
1515	10.85860252
1516	10.86707973
1517	10.87056255
1518	10.87285614
1519	10.88065624
1520	10.88477612
1521	10.89435959
1522	10.90008163
1523	10.90490913
1524	10.91174603
1525	10.92052364
1526	10.92988491
1527	10.93250942
1528	10.93771458
1529	10.94184208
1530	10.94586468
1531	10.94586468
1532	10.95031357
1533	10.95473957
1534	10.95802784
1535	10.96727371
1536	10.96945381
1537	10.96994972
1538	10.97794533
1539	10.9877224
1540	10.99318886
1541	10.99318886
1542	10.99751949
1543	10.99925232
1544	11.00615788
1545	11.00926113
1546	11.01418591
1547	11.02119637
1548	11.03013992
1549	11.03543758
1550	11.04005623
1551	11.05120754
1552	11.05358315
1553	11.06490612
1554	11.07199764
1555	11.07698822
1556	11.07815647
1557	11.08531666
1558	11.08531666
1559	11.09040165
1560	11.1018877
1561	11.11221886
1562	11.12253094
1563	11.13126564
1564	11.13780212
1565	11.14375877
1566	11.15191555
1567	11.1653223
1568	11.17508316
1569	11.18544579
1570	11.19710445
1571	11.20855618
1572	11.22018719
1573	11.22018719
1574	11.22018719
1575	11.22772503
1576	11.2310524
1577	11.24304676
1578	11.25608158
1579	11.26588058
1580	11.27720356
1581	11.28310013
1582	11.29316902
1583	11.30451965
1584	11.3125267
1585	11.31822872
1586	11.32604122
1587	11.34057617
1588	11.34976196
1589	11.35869694
1590	11.3720789
1591	11.38184357
1592	11.39262199
1593	11.39550972
1594	11.40990067
1595	11.41509056
1596	11.41765213
1597	11.4213295
1598	11.43397331
1599	11.44534397
1600	11.44534397
1601	11.45968628
1602	11.46683693
1603	11.46893692
1604	11.47152519
1605	11.47892857
1606	11.47892857
1607	11.48588181
1608	11.49731636
1609	11.50507545
1610	11.51307011
1611	11.51745701
1612	11.52318954
1613	11.52613258
1614	11.53101921
1615	11.53498363
1616	11.54059029
1617	11.54364967
1618	11.55001736
1619	11.55483627
1620	11.56123066
1621	11.56959724
1622	11.57508564
1623	11.57669449
1624	11.58243561
1625	11.58951855
1626	11.59580612
1627	11.60288429
1628	11.60789585
1629	11.6122303
1630	11.61683846
1631	11.62486744
1632	11.63244438
1633	11.64041805
1634	11.6461401
1635	11.65216446
1636	11.6565218
1637	11.66401005
1638	11.67299747
1639	11.68403339
1640	11.69170761
1641	11.69979191
1642	11.70495796
1643	11.70495796
1644	11.71074772
1645	11.71485996
1646	11.72125053
1647	11.72653294
1648	11.73544121
1649	11.74530983
1650	11.75668144
1651	11.7671175
1652	11.77415562
1653	11.78404331
1654	11.79302311
1655	11.80199337
1656	11.80600929
1657	11.80996037
1658	11.8153553
1659	11.82183647
1660	11.82757568
1661	11.83267879
1662	11.84013653
1663	11.84430122
1664	11.84989357
1665	11.85529804
1666	11.86016655
1667	11.864748
1668	11.87121773
1669	11.87939072
1670	11.88604259
1671	11.89411736
1672	11.90150642
1673	11.90943241
1674	11.91795444
1675	11.92458248
1676	11.92458248
1677	11.9327631
1678	11.93908119
1679	11.94528866
1680	11.95060062
1681	11.957551
1682	11.96495914
1683	11.97172546
1684	11.98005581
1685	11.98443031
1686	11.99000168
1687	11.99309063
1688	11.99720383
1689	12.00152397
1690	12.00739002
1691	12.0137434
1692	12.02071476
1693	12.02808189
1694	12.03281689
1695	12.03704548
1696	12.04103565
1697	12.04483604
1698	12.04908943
1699	12.05464363
1700	12.05983734
1701	12.06545734
1702	12.07067585
1703	12.07636261
1704	12.08128262
1705	12.08519936
1706	12.08889771
1707	12.09223557
1708	12.09684563
1709	12.10016441
1710	12.10398293
1711	12.10850334
1712	12.1120348
1713	12.11461163
1714	12.1188736
1715	12.12099743
1716	12.12248039
1717	12.12375832
1718	12.12645817
1719	12.12865639
1720	12.12865639
1721	12.12865639
1722	12.13233471
1723	12.13616371
1724	12.14071941
1725	12.14430141
1726	12.14809322
1727	12.1518364
1728	12.15494156
1729	12.15654945
1730	12.15927029
1731	12.16111374
1732	12.16248226
1733	12.16248226
1734	12.16593075
1735	12.16881752
1736	12.16971302
1737	12.17127132
1738	12.17127132
1739	12.17463589
1740	12.17734146
1741	12.17999935
1742	12.18153286
1743	12.18353939
1744	12.18546963
1745	12.18641472
1746	12.18745708
1747	12.18848038
1748	12.19017696
1749	12.19207859
1750	12.19357681
1751	12.19507599
1752	12.19697952
1753	12.19916725
1754	12.2020874
1755	12.20422745
1756	12.2067337
1757	12.2087698
1758	12.21043968
1759	12.21138477
1760	12.21138477
1761	12.21138477
1762	12.21238327
1763	12.21406555
1764	12.21635246
1765	12.21777344
1766	12.21937847
1767	12.22097301
1768	12.22097301
1769	12.22223377
1770	12.22378159
1771	12.22557545
1772	12.22674751
1773	12.22808647
1774	12.22808647
1775	12.22960186
1776	12.23091412
1777	12.23220444
1778	12.23329926
1779	12.23329926
1780	12.23329926
1781	12.23481369
1782	12.23674679
1783	12.23821354
1784	12.23985291
1785	12.24157715
1786	12.24238682
1787	12.24405384
1788	12.24610901
1789	12.24707031
1790	12.24939823
1791	12.25070667
1792	12.25181866
1793	12.25370693
1794	12.25568962
1795	12.25629234
1796	12.25629234
1797	12.25871086
1798	12.26024151
1799	12.26104164
1800	12.2637043
1801	12.26589108
1802	12.26713276
1803	12.26713276
1804	12.26929474
1805	12.2712841
1806	12.27387238
1807	12.2762146
1808	12.27880859
1809	12.2806282
1810	12.2824688
1811	12.28361511
1812	12.28534889
1813	12.28653526
1814	12.28854847
1815	12.29069996
1816	12.29273319
1817	12.29502487
1818	12.29698753
1819	12.29839134
1820	12.30072689
1821	12.30072689
1822	12.30502987
1823	12.30849457
1824	12.31000042
1825	12.31320477
1826	12.31679535
1827	12.32035923
1828	12.3232336
1829	12.32560825
1830	12.32664204
1831	12.32963467
1832	12.33120823
1833	12.33576393
1834	12.34072685
1835	12.34601498
1836	12.35004044
1837	12.35284424
1838	12.35497952
1839	12.35963631
1840	12.36338806
1841	12.36550713
1842	12.36903858
1843	12.37075996
1844	12.37492943
1845	12.38026047
1846	12.38393402
1847	12.38713264
1848	12.38996696
1849	12.39293861
1850	12.39675808
1851	12.39970875
1852	12.40483665
1853	12.40724182
1854	12.41098976
1855	12.41324711
1856	12.41446972
1857	12.41632938
1858	12.42158985
1859	12.42753315
1860	12.43375778
1861	12.44002247
1862	12.4421196
1863	12.44326401
1864	12.44501495
1865	12.44747639
1866	12.45099926
1867	12.4551239
1868	12.45963478
1869	12.46398067
1870	12.47055054
1871	12.47544289
1872	12.47544289
1873	12.48094177
1874	12.48497581
1875	12.48654556
1876	12.49047184
1877	12.49047184
1878	12.49482918
1879	12.50183296
1880	12.50741291
1881	12.51411819
1882	12.51797009
1883	12.52192211
1884	12.52748585
1885	12.53102493
1886	12.53668022
1887	12.54291821
1888	12.55059814
1889	12.55603313
1890	12.55980682
1891	12.56747532
1892	12.5739851
1893	12.57953167
1894	12.5840044
1895	12.58529472
1896	12.59110928
1897	12.59848022
1898	12.60556602
1899	12.60556602
1900	12.61303139
1901	12.61982059
1902	12.62601852
1903	12.63393688
1904	12.64062023
1905	12.64936256
1906	12.65558434
1907	12.66407299
1908	12.67042065
1909	12.67668915
1910	12.68215084
1911	12.68666077
1912	12.69342899
1913	12.69929981
1914	12.70576572
1915	12.71177578
1916	12.71663857
1917	12.72459984
1918	12.73148632
1919	12.74007702
1920	12.75051117
1921	12.75438213
1922	12.76255417
1923	12.76576328
1924	12.77075768
1925	12.77237034
1926	12.77911282
1927	12.78604603
1928	12.79162121
1929	12.80014801
1930	12.80726624
1931	12.80881119
1932	12.81288338
1933	12.82091236
1934	12.8286047
1935	12.83856964
1936	12.84570217
1937	12.84737492
1938	12.85769653
1939	12.86608601
1940	12.87558174
1941	12.88166714
1942	12.88670826
1943	12.89269066
1944	12.90006924
1945	12.90779209
1946	12.91318035
1947	12.92002296
1948	12.92515278
1949	12.93240929
1950	12.93240929
1951	12.94101524
1952	12.94706154
1953	12.95163631
1954	12.95584011
1955	12.9615593
1956	12.96988392
1957	12.9800024
1958	12.98750973
1959	12.99559879
1960	13.00198841
1961	13.00649738
1962	13.01711082
1963	13.02507401
1964	13.0315237
1965	13.03627491
1966	13.04185295
1967	13.04718399
1968	13.05542088
1969	13.06381512
1970	13.07055187
1971	13.07721519
1972	13.08287144
1973	13.08825111
1974	13.09528828
1975	13.10574532
1976	13.10936069
1977	13.11558914
1978	13.12511539
1979	13.13186359
1980	13.13863945
1981	13.1505909
1982	13.16000748
1983	13.16972733
1984	13.16972733
1985	13.17868233
1986	13.19043922
1987	13.20056629
1988	13.2108202
1989	13.21634483
1990	13.21952534
1991	13.22626686
1992	13.23349857
1993	13.24258614
1994	13.24924088
1995	13.25739861
1996	13.26512623
1997	13.27163315
1998	13.2787075
1999	13.28665257
2000	13.29220963
2001	13.29746819
2002	13.30252743
2003	13.30895329
2004	13.31286049
2005	13.317276
2006	13.3223753
2007	13.32891941
2008	13.33613873
2009	13.3441515
2010	13.34903049
2011	13.35668373
2012	13.36160088
2013	13.3690567
2014	13.37361813
2015	13.37798882
2016	13.38334846
2017	13.3900404
2018	13.39222813
2019	13.40043831
2020	13.40774059
2021	13.41359043
2022	13.41892338
2023	13.4252224
2024	13.42999172
2025	13.43538475
2026	13.44107628
2027	13.44317818
2028	13.44962978
2029	13.45738411
2030	13.46229839
2031	13.46450424
2032	13.46917248
2033	13.47426605
2034	13.47426605
2035	13.47628784
2036	13.47799397
2037	13.48217392
2038	13.48561573
2039	13.49118423
2040	13.49725437
2041	13.49994278
2042	13.50387192
2043	13.50941372
2044	13.51464367
2045	13.51852226
2046	13.52367973
2047	13.52939987
2048	13.53458118
2049	13.53960991
2050	13.54174423
2051	13.54511929
2052	13.54908657
2053	13.55326939
2054	13.55588341
2055	13.55845451
2056	13.56331444
2057	13.56914711
2058	13.57296085
2059	13.57768536
2060	13.58211136
2061	13.58360481
2062	13.58664227
2063	13.58988667
2064	13.59315395
2065	13.59315395
2066	13.59560108
2067	13.5986805
2068	13.60142231
2069	13.60575104
2070	13.60916233
2071	13.61167336
2072	13.61566734
2073	13.61834908
2074	13.61998367
2075	13.62125492
2076	13.62220764
2077	13.62582111
2078	13.62879181
2079	13.63282108
2080	13.63665962
2081	13.64012241
2082	13.6435461
2083	13.64742947
2084	13.65170956
2085	13.65485477
2086	13.65916157
2087	13.66265011
2088	13.6667223
2089	13.66999054
2090	13.67351055
2091	13.67656803
2092	13.67926216
2093	13.68191719
2094	13.68460083
2095	13.68694592
2096	13.68694592
2097	13.69001102
2098	13.69382858
2099	13.69711781
2100	13.69940567
2101	13.70146656
2102	13.70316219
2103	13.70621967
2104	13.70864487
2105	13.71077347
2106	13.71258926
2107	13.71500587
2108	13.71714687
2109	13.71863747
2110	13.72023582
2111	13.72219563
2112	13.72472095
2113	13.72732353
2114	13.72868252
2115	13.73127365
2116	13.73338032
2117	13.73464203
2118	13.73464203
2119	13.73464203
2120	13.73650074
2121	13.73940754
2122	13.74154568
2123	13.7433548
2124	13.74595451
2125	13.74761009
2126	13.74881077
2127	13.75042057
2128	13.75177765
2129	13.75332928
2130	13.7545681
2131	13.75611687
2132	13.7576437
2133	13.75915623
2134	13.76054001
2135	13.76054001
2136	13.76054001
2137	13.76054001
2138	13.76054001
2139	13.76054001
2140	13.7609663
2141	13.76119137
2142	13.76302528
2143	13.76539326
2144	13.76788044
2145	13.77072334
2146	13.771842
2147	13.771842
2148	13.771842
2149	13.77297401
2150	13.77503967
2151	13.77655697
2152	13.77740002
2153	13.77740002
2154	13.77839279
2155	13.78074646
2156	13.78091908
2157	13.78091908
2158	13.78091908
2159	13.78091908
2160	13.78091908
2161	13.78160191
2162	13.78351498
2163	13.78535938
2164	13.78726578
2165	13.7885313
2166	13.78956032
2167	13.79086208
2168	13.79274464
2169	13.79457188
2170	13.79626846
2171	13.79770374
2172	13.79828548
2173	13.80058384
2174	13.80311966
2175	13.80463791
2176	13.80463791
2177	13.80463791
2178	13.8073473
2179	13.80929852
2180	13.81194115
2181	13.81394577
2182	13.81644249
2183	13.81965065
2184	13.82267284
2185	13.82477665
2186	13.82721806
2187	13.829669
2188	13.83237267
2189	13.83564854
2190	13.83892059
2191	13.84179688
2192	13.84563732
2193	13.84901333
2194	13.85269928
2195	13.85542202
2196	13.85809708
2197	13.86142349
2198	13.86518097
2199	13.86722279
2200	13.86972332
2201	13.87306309
2202	13.87671852
2203	13.87777424
2204	13.88205338
2205	13.88558102
2206	13.88881969
2207	13.89195728
2208	13.89558792
2209	13.89899445
2210	13.90312672
2211	13.90586758
2212	13.90777206
2213	13.91250038
2214	13.91760731
2215	13.92175198
2216	13.92659473
2217	13.93053722
2218	13.93192577
2219	13.93639565
2220	13.9403801
2221	13.94374275
2222	13.94782162
2223	13.95134735
2224	13.95646667
2225	13.9583559
2226	13.96343994
2227	13.9659977
2228	13.9692831
2229	13.97331619
2230	13.97890091
2231	13.9834528
2232	13.98769665
2233	13.99319363
2234	13.99908161
2235	14.00401974
2236	14.00910664
2237	14.01577473
2238	14.01936436
2239	14.02272797
2240	14.0276413
2241	14.0341959
2242	14.04120922
2243	14.04784298
2244	14.05447674
2245	14.05978489
2246	14.06782818
2247	14.07412434
2248	14.07752609
2249	14.08408928
2250	14.08851719
2251	14.09476662
2252	14.10098267
2253	14.10598755
2254	14.11156368
2255	14.1183424
2256	14.12769985
2257	14.13513374
2258	14.1432333
2259	14.15116215
2260	14.15455532
2261	14.16250515
2262	14.169137
2263	14.17488575
2264	14.18122196
2265	14.18638611
2266	14.19406605
2267	14.20174313
2268	14.20649338
2269	14.21608639
2270	14.2204361
2271	14.2282753
2272	14.23478317
2273	14.23912048
2274	14.2459383
2275	14.25078773
2276	14.25822258
2277	14.26645088
2278	14.2698288
2279	14.27825451
2280	14.28585815
2281	14.29198742
2282	14.2980566
2283	14.30364132
2284	14.31109047
2285	14.32092285
2286	14.32826614
2287	14.33633137
2288	14.34555721
2289	14.35319805
2290	14.36067104
2291	14.36665249
2292	14.37592316
2293	14.38464165
2294	14.3924036
2295	14.39827919
2296	14.40367889
2297	14.41117382
2298	14.42015362
2299	14.42781925
2300	14.43470001
2301	14.44303322
2302	14.44902611
2303	14.45755196
2304	14.46557999
2305	14.47396183
2306	14.480793
2307	14.48805809
2308	14.4956913
2309	14.50307941
2310	14.51246738
2311	14.52039719
2312	14.52656555
2313	14.53405094
2314	14.54364777
2315	14.54961395
2316	14.55669785
2317	14.56415939
2318	14.57100487
2319	14.57618904
2320	14.58048058
2321	14.59009266
2322	14.59432697
2323	14.59802055
2324	14.60154724
2325	14.60457993
2326	14.61200619
2327	14.6188364
2328	14.6275568
2329	14.63178158
2330	14.64113331
2331	14.64748001
2332	14.65620041
2333	14.66351986
2334	14.6660738
2335	14.67404175
2336	14.67742252
2337	14.68044662
2338	14.6873188
2339	14.6972084
2340	14.70541477
2341	14.71261883
2342	14.72257519
2343	14.73190975
2344	14.73729801
2345	14.73729801
2346	14.74352551
2347	14.75104427
2348	14.76267242
2349	14.77100086
2350	14.77792549
2351	14.78325081
2352	14.78415203
2353	14.78995228
2354	14.79552841
2355	14.80196953
2356	14.81096745
2357	14.81845188
2358	14.82408619
2359	14.82901955
2360	14.83581829
2361	14.84121418
2362	14.84688759
2363	14.85525799
2364	14.86375809
2365	14.8717556
2366	14.88013554
2367	14.88726997
2368	14.89392376
2369	14.89994335
2370	14.90406513
2371	14.90917492
2372	14.91551208
2373	14.92313194
2374	14.92802143
2375	14.93598652
2376	14.94389629
2377	14.95036793
2378	14.95716476
2379	14.96397018
2380	14.96629524
2381	14.97131157
2382	14.97505379
2383	14.98073673
2384	14.98536015
2385	14.99074936
2386	14.9948349
2387	15.00200462
2388	15.00859547
2389	15.0154686
2390	15.0181942
2391	15.02426624
2392	15.03118038
2393	15.03724766
2394	15.04204655
2395	15.04789543
2396	15.05474949
2397	15.05998325
2398	15.06322956
2399	15.06322956
2400	15.06914139
2401	15.07431698
2402	15.07765388
2403	15.08240891
2404	15.0874176
2405	15.0932436
2406	15.09814262
2407	15.10306168
2408	15.10702419
2409	15.11009026
2410	15.11475277
2411	15.11937237
2412	15.12516785
2413	15.13125801
2414	15.13584042
2415	15.13982105
2416	15.14565945
2417	15.14965725
2418	15.15047073
2419	15.15373707
2420	15.15822697
2421	15.16297817
2422	15.16743755
2423	15.17186451
2424	15.17546368
2425	15.17845821
2426	15.18256283
2427	15.18699551
2428	15.18824291
2429	15.1892662
2430	15.19590664
2431	15.20129299
2432	15.20543003
2433	15.20660973
2434	15.21133804
2435	15.21386242
2436	15.21730709
2437	15.22043514
2438	15.22290707
2439	15.22684956
2440	15.22985458
2441	15.23173714
2442	15.23371029
2443	15.23640251
2444	15.23640251
2445	15.24040985
2446	15.24360752
2447	15.24536228
2448	15.24536228
2449	15.24536228
2450	15.24536228
2451	15.24582958
2452	15.24582958
2453	15.24582958
2454	15.24582958
2455	15.24582958
2456	15.24655819
2457	15.25067997
2458	15.25535202
2459	15.25683498
2460	15.25683498
2461	15.26078892
2462	15.26298904
2463	15.26422787
2464	15.26595211
2465	15.26812077
2466	15.27039623
2467	15.27165699
2468	15.27373791
2469	15.27500343
2470	15.27500343
2471	15.27640533
2472	15.27756977
2473	15.27855492
2474	15.27855492
2475	15.27995777
2476	15.2818222
2477	15.28313065
2478	15.28313065
2479	15.28313065
2480	15.2850008
2481	15.2859602
2482	15.2869482
2483	15.28841591
2484	15.2897625
2485	15.29068279
2486	15.29229546
2487	15.29359722
2488	15.29359722
2489	15.29391193
2490	15.29595566
2491	15.29647446
2492	15.29647446
2493	15.29647446
2494	15.29647446
2495	15.29647446
2496	15.29647446
2497	15.29647446
2498	15.29688835
2499	15.29688835
2500	15.29688835
2501	15.29688835
2502	15.29688835
2503	15.29688835
2504	15.29688835
2505	15.29713249
2506	15.29750538
2507	15.29750538
2508	15.29750538
2509	15.29815102
2510	15.29889202
2511	15.3001585
2512	15.30129528
2513	15.30226421
2514	15.3044138
2515	15.30490685
2516	15.30490685
2517	15.30490685
2518	15.30603123
2519	15.30603123
2520	15.30603123
2521	15.30603123
2522	15.30603123
2523	15.30651474
2524	15.3085556
2525	15.30905914
2526	15.30994892
2527	15.31103802
2528	15.31150246
2529	15.31238937
2530	15.31238937
2531	15.31407738
2532	15.31496525
2533	15.31565762
2534	15.31609535
2535	15.31609535
2536	15.31721306
2537	15.31854439
2538	15.31960487
2539	15.32035351
2540	15.32035351
2541	15.32035351
2542	15.3213768
2543	15.3213768
2544	15.32284451
2545	15.3245163
2546	15.32497025
2547	15.32600021
2548	15.32759285
2549	15.32820129
2550	15.32868767
2551	15.32967663
2552	15.32967663
2553	15.33067131
2554	15.33112335
2555	15.33283043
2556	15.33500957
2557	15.33718586
2558	15.33901882
2559	15.34033585
2560	15.34143543
2561	15.34367847
2562	15.34616947
2563	15.34801102
2564	15.34895229
2565	15.34895229
2566	15.35062027
2567	15.35062027
2568	15.35062027
2569	15.35239983
2570	15.35305595
2571	15.35419369
2572	15.3557806
2573	15.35831356
2574	15.35999298
2575	15.36200047
2576	15.36352444
2577	15.36522102
2578	15.36522102
2579	15.36652946
2580	15.36766624
2581	15.36955547
2582	15.3716011
2583	15.37403202
2584	15.37525272
2585	15.3780508
2586	15.3780508
2587	15.38212872
2588	15.38418293
2589	15.38619328
2590	15.38881683
2591	15.38881683
2592	15.39023399
2593	15.39331627
2594	15.3967104
2595	15.40014076
2596	15.40388107
2597	15.40729809
2598	15.41044331
2599	15.41390038
2600	15.41750717
2601	15.42188358
2602	15.42618179
2603	15.43016052
2604	15.43016052
2605	15.43471718
2606	15.43621731
2607	15.43621731
2608	15.44020557
2609	15.44274426
2610	15.44779396
2611	15.45386505
2612	15.45578289
2613	15.46001625
2614	15.46238995
2615	15.46548748
2616	15.4675045
2617	15.47402573
2618	15.47865486
2619	15.48066616
2620	15.48399925
2621	15.48975468
2622	15.49492264
2623	15.49492264
2624	15.49752331
2625	15.50287437
2626	15.50629044
2627	15.51204872
2628	15.5174675
2629	15.5217638
2630	15.5217638
2631	15.52526474
2632	15.52844334
2633	15.53541374
2634	15.54015255
2635	15.54330921
2636	15.54720497
2637	15.55445862
2638	15.56021023
2639	15.56545067
2640	15.57059002
2641	15.57672882
2642	15.57932091
2643	15.58502769
2644	15.59220982
2645	15.59848976
2646	15.602705
2647	15.60707188
2648	15.60707188
2649	15.61195278
2650	15.61905289
2651	15.62058926
2652	15.62541771
2653	15.62708664
2654	15.62913704
2655	15.63278675
2656	15.63770962
2657	15.64024544
2658	15.64024544
2659	15.64447498
2660	15.64447498
2661	15.64447498
2662	15.64802361
2663	15.65522957
2664	15.65989208
2665	15.66545582
2666	15.66901684
2667	15.66901684
2668	15.67497063
2669	15.67991066
2670	15.68507576
2671	15.6904707
2672	15.69313049
2673	15.69801903
2674	15.70275307
2675	15.70564842
2676	15.71354675
2677	15.71981144
2678	15.72297287
2679	15.72297287
2680	15.72796345
2681	15.73301029
2682	15.73301029
2683	15.73589039
2684	15.74302673
2685	15.74813938
2686	15.75212955
2687	15.75504589
2688	15.76237583
2689	15.76649475
2690	15.76969147
2691	15.77642536
2692	15.77642536
2693	15.78065205
2694	15.78784943
2695	15.79333305
2696	15.79869175
2697	15.80060577
2698	15.80519199
2699	15.80882454
2700	15.81351566
2701	15.81989002
2702	15.82758713
2703	15.83555031
2704	15.84311676
2705	15.84311676
2706	15.85069275
2707	15.85630417
2708	15.85779667
2709	15.86288834
2710	15.86288834
2711	15.87027645
2712	15.87027645
2713	15.87575817
2714	15.88019085
2715	15.88167191
2716	15.88622475
2717	15.89157104
2718	15.89475918
2719	15.89830303
2720	15.90364933
2721	15.90929508
2722	15.91330338
2723	15.9194088
2724	15.92133999
2725	15.92265797
2726	15.92443657
2727	15.9275322
2728	15.93047714
2729	15.93047714
2730	15.93404865
2731	15.93877506
2732	15.93993187
2733	15.94299984
2734	15.94608212
2735	15.95029068
2736	15.95207882
2737	15.95331669
2738	15.95581818
2739	15.95581818
2740	15.95656681
2741	15.9598093
2742	15.96312809
2743	15.96585369
2744	15.9676981
2745	15.9699192
2746	15.97438526
2747	15.97984314
2748	15.98487854
2749	15.98752403
2750	15.99228382
2751	15.99396706
2752	15.99828339
2753	15.99969578
2754	16.00305557
2755	16.00570869
2756	16.00814819
2757	16.01238823
2758	16.01238823
2759	16.01473618
2760	16.01806831
2761	16.02206421
2762	16.02269745
2763	16.02685547
2764	16.03210449
2765	16.03525734
2766	16.03525734
2767	16.03602982
2768	16.03602982
2769	16.03931808
2770	16.04286385
2771	16.04572678
2772	16.04808998
2773	16.04936409
2774	16.05124474
2775	16.05216026
2776	16.05355453
2777	16.05510521
2778	16.05510521
2779	16.05706596
2780	16.05944252
2781	16.06348991
2782	16.06498718
2783	16.06900024
2784	16.07311821
2785	16.07596016
2786	16.07688904
2787	16.07867241
2788	16.081007
2789	16.08252716
2790	16.08372879
2791	16.08575821
2792	16.08870506
2793	16.09163284
2794	16.09276581
2795	16.09276581
2796	16.09549904
2797	16.09667778
2798	16.09737778
2799	16.09737778
2800	16.09975433
2801	16.10233307
2802	16.10456085
2803	16.10657692
2804	16.10913086
2805	16.10913086
2806	16.10913086
2807	16.10913086
2808	16.10913086
2809	16.10979462
2810	16.10979462
2811	16.11055183
2812	16.11055183
2813	16.11223412
2814	16.11329079
2815	16.11473846
2816	16.1158886
2817	16.11826134
2818	16.11959648
2819	16.11959648
2820	16.12018394
2821	16.12211227
2822	16.12302971
2823	16.12490654
2824	16.12593079
2825	16.12643051
2826	16.12771606
2827	16.12771606
2828	16.1298008
2829	16.13098717
2830	16.13154221
2831	16.13154221
2832	16.13154221
2833	16.13298035
2834	16.13529587
2835	16.13529587
2836	16.13529587
2837	16.13529587
2838	16.13571358
2839	16.13571358
2840	16.13571358
2841	16.13571358
2842	16.13571358
2843	16.13571358
2844	16.13571358
2845	16.13571358
2846	16.13571358
2847	16.13571358
2848	16.13571358
2849	16.13571358
2850	16.13571358
2851	16.13571358
2852	16.13571358
2853	16.13571358
2854	16.13571358
2855	16.13571358
2856	16.13571358
2857	16.13571358
2858	16.13571358
2859	16.13571358
2860	16.13571358
2861	16.13571358
2862	16.13571358
2863	16.13571358
2864	16.13571358
2865	16.13571358
2866	16.13571358
2867	16.13571358
2868	16.13571358
2869	16.13571358
2870	16.13571358
2871	16.13571358
2872	16.13571358
2873	16.13571358
2874	16.13571358
2875	16.13571358
2876	16.13571358
2877	16.13571358
2878	16.13571358
2879	16.13571358
2880	16.13571358
2881	16.13571358
2882	16.13571358
2883	16.13571358
2884	16.13571358
2885	16.13571358
2886	16.13571358
2887	16.13571358
2888	16.13571358
2889	16.13571358
2890	16.13571358
2891	16.13699341
2892	16.13699341
2893	16.13912773
2894	16.13954353
2895	16.14081001
2896	16.14393234
2897	16.14470863
2898	16.14531326
2899	16.14531326
2900	16.14531326
2901	16.14707947
2902	16.14834785
2903	16.14899254
2904	16.14899254
2905	16.14961624
2906	16.15063095
2907	16.15219307
2908	16.15219307
2909	16.15354729
2910	16.1546936
2911	16.1546936
2912	16.15554619
2913	16.15643883
2914	16.15806007
2915	16.15886116
2916	16.15950775
2917	16.16047096
2918	16.16047096
2919	16.16239548
2920	16.16351891
2921	16.16351891
2922	16.16456032
2923	16.16550064
2924	16.1670475
2925	16.16892433
2926	16.17011833
2927	16.17011833
2928	16.17083931
2929	16.17120552
2930	16.17179489
2931	16.17395782
2932	16.17444611
2933	16.17490768
2934	16.1775074
2935	16.18063545
2936	16.18063545
2937	16.18130302
2938	16.1836338
2939	16.18570137
2940	16.18768692
2941	16.18768692
2942	16.18768692
2943	16.18881607
2944	16.19010735
2945	16.19220161
2946	16.19220161
2947	16.19351006
2948	16.19577026
2949	16.19808388
2950	16.19808388
2951	16.1985054
2952	16.19886971
2953	16.20030022
2954	16.20106506
2955	16.20305252
2956	16.20514679
2957	16.20695686
2958	16.20938683
2959	16.21198082
2960	16.21265411
2961	16.21265411
2962	16.2137394
2963	16.21652603
2964	16.21935272
2965	16.22091103
2966	16.22449684
2967	16.22771835
2968	16.22879601
2969	16.22930336
